Coefs: 18
Num_Gauss: 8
dom dic 8 14:32:07 CET 2019: classerr ---
nerr=71	ntot=785	error_rate=9.04%
dom dic  8 14:32:07 CET 2019
dom dic 8 14:32:31 CET 2019: verif_err ---
Threshold search:
THR	-3.94025644794	99	0(0)	1(1000)
THR	-3.8757769834606	98.901	0(0)	0.999(999)
THR	-3.8112975189812	98.901	0(0)	0.999(999)
THR	-3.7468180545018	98.901	0(0)	0.999(999)
THR	-3.6823385900224	98.901	0(0)	0.999(999)
THR	-3.617859125543	98.901	0(0)	0.999(999)
THR	-3.5533796610636	98.901	0(0)	0.999(999)
THR	-3.4889001965842	98.901	0(0)	0.999(999)
THR	-3.4244207321048	98.802	0(0)	0.998(998)
THR	-3.3599412676254	98.802	0(0)	0.998(998)
THR	-3.295461803146	98.802	0(0)	0.998(998)
THR	-3.2309823386666	98.703	0(0)	0.997(997)
THR	-3.1665028741872	98.703	0(0)	0.997(997)
THR	-3.1020234097078	98.604	0(0)	0.996(996)
THR	-3.0375439452284	98.604	0(0)	0.996(996)
THR	-2.973064480749	98.604	0(0)	0.996(996)
THR	-2.9085850162696	98.604	0(0)	0.996(996)
THR	-2.8441055517902	98.505	0(0)	0.995(995)
THR	-2.7796260873108	98.406	0(0)	0.994(994)
THR	-2.7151466228314	98.208	0(0)	0.992(992)
THR	-2.650667158352	98.01	0(0)	0.99(990)
THR	-2.5861876938726	97.911	0(0)	0.989(989)
THR	-2.5217082293932	97.812	0(0)	0.988(988)
THR	-2.4572287649138	97.713	0(0)	0.987(987)
THR	-2.39274930043441	97.416	0(0)	0.984(984)
THR	-2.32826983595501	97.416	0(0)	0.984(984)
THR	-2.26379037147561	97.02	0(0)	0.98(980)
THR	-2.19931090699621	96.723	0(0)	0.977(977)
THR	-2.13483144251681	96.525	0(0)	0.975(975)
THR	-2.07035197803741	96.426	0(0)	0.974(974)
THR	-2.00587251355801	96.228	0(0)	0.972(972)
THR	-1.94139304907861	95.832	0(0)	0.968(968)
THR	-1.87691358459921	95.238	0(0)	0.962(962)
THR	-1.81243412011981	94.842	0(0)	0.958(958)
THR	-1.74795465564041	93.951	0(0)	0.949(949)
THR	-1.68347519116101	93.258	0(0)	0.942(942)
THR	-1.61899572668161	92.664	0(0)	0.936(936)
THR	-1.55451626220221	91.872	0(0)	0.928(928)
THR	-1.49003679772281	90.981	0(0)	0.919(919)
THR	-1.42555733324341	90.387	0(0)	0.913(913)
THR	-1.36107786876401	89.298	0(0)	0.902(902)
THR	-1.29659840428461	87.714	0(0)	0.886(886)
THR	-1.23211893980521	86.823	0(0)	0.877(877)
THR	-1.16763947532581	84.843	0(0)	0.857(857)
THR	-1.10316001084641	83.358	0(0)	0.842(842)
THR	-1.03868054636701	82.17	0(0)	0.83(830)
THR	-0.974201081887606	80.19	0(0)	0.81(810)
THR	-0.909721617408206	78.309	0(0)	0.791(791)
THR	-0.845242152928806	75.141	0(0)	0.759(759)
THR	-0.780762688449406	72.666	0(0)	0.734(734)
THR	-0.716283223970006	69.993	0(0)	0.707(707)
THR	-0.651803759490606	67.518	0(0)	0.682(682)
THR	-0.587324295011206	62.865	0(0)	0.635(635)
THR	-0.522844830531806	57.519	0(0)	0.581(581)
THR	-0.458365366052406	53.163	0(0)	0.537(537)
THR	-0.393885901573006	47.619	0(0)	0.481(481)
THR	-0.329406437093606	43.263	0(0)	0.437(437)
THR	-0.264926972614206	39.105	0(0)	0.395(395)
THR	-0.200447508134806	34.452	0(0)	0.348(348)
THR	-0.135968043655406	30.599	0.008(2)	0.309(309)
THR	-0.0714885791760063	28.132	0.016(4)	0.284(284)
THR	-0.00700911469660628	23.681	0.02(5)	0.239(239)
THR	0.0574703497827937	18.834	0.024(6)	0.19(190)
THR	0.121949814262194	15.579	0.036(9)	0.157(157)
THR	0.186429278741594	12.72	0.048(12)	0.128(128)
THR	0.250908743220994	10.867	0.076(19)	0.109(109)
THR	0.315388207700394	9.323	0.116(29)	0.093(93)
THR	0.379867672179794	7.49	0.164(41)	0.074(74)
THR	0.444347136659194	6.156	0.216(54)	0.06(60)
THR	0.508826601138594	4.64	0.284(71)	0.044(44)
THR	0.573306065617994	3.916	0.352(88)	0.036(36)
THR	0.637785530097394	3.544	0.376(94)	0.032(32)
THR	0.702264994576794	2.911	0.436(109)	0.025(25)
THR	0.766744459056194	2.496	0.516(129)	0.02(20)
THR	0.831223923535594	2.148	0.564(141)	0.016(16)
THR	0.895703388014994	1.796	0.608(152)	0.012(12)
THR	0.960182852494394	1.468	0.676(169)	0.008(8)
THR	1.02466231697379	1.314	0.72(180)	0.006(6)
THR	1.08914178145319	1.152	0.756(189)	0.004(4)
THR	1.15362124593259	1.093	0.796(199)	0.003(3)
THR	1.21810071041199	1.026	0.828(207)	0.002(2)
THR	1.28258017489139	0.963	0.864(216)	0.001(1)
THR	1.34705963937079	0.884	0.884(221)	0(0)
THR	1.41153910385019	0.896	0.896(224)	0(0)
THR	1.47601856832959	0.916	0.916(229)	0(0)
THR	1.54049803280899	0.924	0.924(231)	0(0)
THR	1.60497749728839	0.928	0.928(232)	0(0)
THR	1.66945696176779	0.944	0.944(236)	0(0)
THR	1.73393642624719	0.956	0.956(239)	0(0)
THR	1.79841589072659	0.968	0.968(242)	0(0)
THR	1.86289535520599	0.976	0.976(244)	0(0)
THR	1.92737481968539	0.976	0.976(244)	0(0)
THR	1.99185428416479	0.98	0.98(245)	0(0)
THR	2.05633374864419	0.988	0.988(247)	0(0)
THR	2.12081321312359	0.988	0.988(247)	0(0)
THR	2.18529267760299	0.988	0.988(247)	0(0)
THR	2.24977214208239	0.988	0.988(247)	0(0)
THR	2.31425160656179	0.988	0.988(247)	0(0)
THR	2.37873107104119	0.992	0.992(248)	0(0)
THR	2.44321053552059	0.992	0.992(248)	0(0)
THR	2.50768999999999	0.996	0.996(249)	0(0)
THR	2.57216946447939	1	1(250)	0(0)


==============================================
THR: 1.34705963937079
Missed:     221/250=0.8840
FalseAlarm: 0/1000=0.0000
----------------------------------------------
==> CostDetection: 88.4
==============================================
dom dic  8 14:32:31 CET 2019
Num_Gauss: 9
dom dic 8 14:34:16 CET 2019: classerr ---
nerr=60	ntot=784	error_rate=7.65%
dom dic  8 14:34:16 CET 2019
dom dic 8 14:34:36 CET 2019: verif_err ---
Threshold search:
THR	-3.58794615172	99	0(0)	1(1000)
THR	-3.5264288902028	98.901	0(0)	0.999(999)
THR	-3.4649116286856	98.901	0(0)	0.999(999)
THR	-3.4033943671684	98.901	0(0)	0.999(999)
THR	-3.3418771056512	98.802	0(0)	0.998(998)
THR	-3.280359844134	98.703	0(0)	0.997(997)
THR	-3.2188425826168	98.703	0(0)	0.997(997)
THR	-3.1573253210996	98.703	0(0)	0.997(997)
THR	-3.0958080595824	98.604	0(0)	0.996(996)
THR	-3.0342907980652	98.604	0(0)	0.996(996)
THR	-2.972773536548	98.505	0(0)	0.995(995)
THR	-2.9112562750308	98.406	0(0)	0.994(994)
THR	-2.8497390135136	98.406	0(0)	0.994(994)
THR	-2.7882217519964	98.208	0(0)	0.992(992)
THR	-2.7267044904792	98.208	0(0)	0.992(992)
THR	-2.665187228962	98.01	0(0)	0.99(990)
THR	-2.6036699674448	97.911	0(0)	0.989(989)
THR	-2.5421527059276	97.812	0(0)	0.988(988)
THR	-2.4806354444104	97.614	0(0)	0.986(986)
THR	-2.4191181828932	97.416	0(0)	0.984(984)
THR	-2.357600921376	97.416	0(0)	0.984(984)
THR	-2.2960836598588	97.02	0(0)	0.98(980)
THR	-2.2345663983416	96.624	0(0)	0.976(976)
THR	-2.1730491368244	96.228	0(0)	0.972(972)
THR	-2.1115318753072	95.931	0(0)	0.969(969)
THR	-2.05001461379	95.634	0(0)	0.966(966)
THR	-1.9884973522728	95.436	0(0)	0.964(964)
THR	-1.9269800907556	95.436	0(0)	0.964(964)
THR	-1.8654628292384	94.842	0(0)	0.958(958)
THR	-1.8039455677212	94.545	0(0)	0.955(955)
THR	-1.742428306204	93.951	0(0)	0.949(949)
THR	-1.6809110446868	93.555	0(0)	0.945(945)
THR	-1.6193937831696	92.367	0(0)	0.933(933)
THR	-1.5578765216524	91.872	0(0)	0.928(928)
THR	-1.4963592601352	90.882	0(0)	0.918(918)
THR	-1.434841998618	90.09	0(0)	0.91(910)
THR	-1.3733247371008	88.704	0(0)	0.896(896)
THR	-1.3118074755836	87.219	0(0)	0.881(881)
THR	-1.2502902140664	86.328	0(0)	0.872(872)
THR	-1.1887729525492	85.437	0(0)	0.863(863)
THR	-1.127255691032	83.952	0(0)	0.848(848)
THR	-1.0657384295148	82.665	0(0)	0.835(835)
THR	-1.0042211679976	80.487	0(0)	0.813(813)
THR	-0.942703906480397	78.705	0(0)	0.795(795)
THR	-0.881186644963197	77.22	0(0)	0.78(780)
THR	-0.819669383445997	75.141	0(0)	0.759(759)
THR	-0.758152121928797	72.864	0(0)	0.736(736)
THR	-0.696634860411597	70.389	0(0)	0.711(711)
THR	-0.635117598894397	66.33	0(0)	0.67(670)
THR	-0.573600337377197	62.667	0(0)	0.633(633)
THR	-0.512083075859997	58.41	0(0)	0.59(590)
THR	-0.450565814342797	53.262	0(0)	0.538(538)
THR	-0.389048552825597	49.203	0(0)	0.497(497)
THR	-0.327531291308397	44.649	0(0)	0.451(451)
THR	-0.266014029791197	39.208	0.004(1)	0.396(396)
THR	-0.204496768273997	36.04	0.004(1)	0.364(364)
THR	-0.142979506756797	31.684	0.004(1)	0.32(320)
THR	-0.0814622452395968	27.427	0.004(1)	0.277(277)
THR	-0.0199449837223968	23.178	0.012(3)	0.234(234)
THR	0.0415722777948032	19.82	0.02(5)	0.2(200)
THR	0.103089539312003	16.256	0.02(5)	0.164(164)
THR	0.164606800829203	12.716	0.044(11)	0.128(128)
THR	0.226124062346403	11.053	0.064(16)	0.111(111)
THR	0.287641323863603	9.196	0.088(22)	0.092(92)
THR	0.349158585380803	7.351	0.124(31)	0.073(73)
THR	0.410675846898003	5.811	0.168(42)	0.057(57)
THR	0.472193108415203	4.675	0.22(55)	0.045(45)
THR	0.533710369932403	3.939	0.276(69)	0.037(37)
THR	0.595227631449603	3.48	0.312(78)	0.032(32)
THR	0.656744892966803	2.875	0.4(100)	0.025(25)
THR	0.718262154484003	2.555	0.476(119)	0.021(21)
THR	0.779779416001203	2.116	0.532(133)	0.016(16)
THR	0.841296677518403	1.851	0.564(141)	0.013(13)
THR	0.902813939035603	1.701	0.612(153)	0.011(11)
THR	0.964331200552804	1.567	0.676(169)	0.009(9)
THR	1.02584846207	1.314	0.72(180)	0.006(6)
THR	1.0873657235872	1.259	0.764(191)	0.005(5)
THR	1.1488829851044	1.299	0.804(201)	0.005(5)
THR	1.2104002466216	1.117	0.82(205)	0.003(3)
THR	1.2719175081388	1.046	0.848(212)	0.002(2)
THR	1.333434769656	0.979	0.88(220)	0.001(1)
THR	1.3949520311732	0.884	0.884(221)	0(0)
THR	1.4564692926904	0.896	0.896(224)	0(0)
THR	1.5179865542076	0.92	0.92(230)	0(0)
THR	1.5795038157248	0.936	0.936(234)	0(0)
THR	1.641021077242	0.94	0.94(235)	0(0)
THR	1.7025383387592	0.944	0.944(236)	0(0)
THR	1.7640556002764	0.956	0.956(239)	0(0)
THR	1.8255728617936	0.956	0.956(239)	0(0)
THR	1.8870901233108	0.964	0.964(241)	0(0)
THR	1.948607384828	0.972	0.972(243)	0(0)
THR	2.0101246463452	0.972	0.972(243)	0(0)
THR	2.0716419078624	0.976	0.976(244)	0(0)
THR	2.1331591693796	0.98	0.98(245)	0(0)
THR	2.1946764308968	0.988	0.988(247)	0(0)
THR	2.256193692414	0.988	0.988(247)	0(0)
THR	2.3177109539312	0.988	0.988(247)	0(0)
THR	2.3792282154484	0.988	0.988(247)	0(0)
THR	2.4407454769656	0.992	0.992(248)	0(0)
THR	2.5022627384828	0.992	0.992(248)	0(0)
THR	2.56378	1	1(250)	0(0)


==============================================
THR: 1.3949520311732
Missed:     221/250=0.8840
FalseAlarm: 0/1000=0.0000
----------------------------------------------
==> CostDetection: 88.4
==============================================
dom dic  8 14:34:36 CET 2019
Num_Gauss: 10
dom dic 8 14:36:33 CET 2019: classerr ---
nerr=58	ntot=785	error_rate=7.39%
dom dic  8 14:36:33 CET 2019
dom dic 8 14:36:52 CET 2019: verif_err ---
Threshold search:
THR	-4.25097695998	99	0(0)	1(1000)
THR	-4.1813770903802	98.901	0(0)	0.999(999)
THR	-4.1117772207804	98.901	0(0)	0.999(999)
THR	-4.0421773511806	98.901	0(0)	0.999(999)
THR	-3.9725774815808	98.901	0(0)	0.999(999)
THR	-3.902977611981	98.901	0(0)	0.999(999)
THR	-3.8333777423812	98.901	0(0)	0.999(999)
THR	-3.7637778727814	98.901	0(0)	0.999(999)
THR	-3.6941780031816	98.901	0(0)	0.999(999)
THR	-3.6245781335818	98.901	0(0)	0.999(999)
THR	-3.554978263982	98.901	0(0)	0.999(999)
THR	-3.4853783943822	98.802	0(0)	0.998(998)
THR	-3.4157785247824	98.802	0(0)	0.998(998)
THR	-3.3461786551826	98.802	0(0)	0.998(998)
THR	-3.2765787855828	98.604	0(0)	0.996(996)
THR	-3.206978915983	98.604	0(0)	0.996(996)
THR	-3.1373790463832	98.604	0(0)	0.996(996)
THR	-3.0677791767834	98.604	0(0)	0.996(996)
THR	-2.9981793071836	98.505	0(0)	0.995(995)
THR	-2.9285794375838	98.505	0(0)	0.995(995)
THR	-2.858979567984	98.208	0(0)	0.992(992)
THR	-2.7893796983842	98.109	0(0)	0.991(991)
THR	-2.7197798287844	98.109	0(0)	0.991(991)
THR	-2.6501799591846	98.01	0(0)	0.99(990)
THR	-2.5805800895848	97.614	0(0)	0.986(986)
THR	-2.510980219985	97.515	0(0)	0.985(985)
THR	-2.4413803503852	97.416	0(0)	0.984(984)
THR	-2.3717804807854	97.119	0(0)	0.981(981)
THR	-2.3021806111856	96.921	0(0)	0.979(979)
THR	-2.2325807415858	96.624	0(0)	0.976(976)
THR	-2.162980871986	96.03	0(0)	0.97(970)
THR	-2.0933810023862	95.634	0(0)	0.966(966)
THR	-2.0237811327864	95.436	0(0)	0.964(964)
THR	-1.9541812631866	95.238	0(0)	0.962(962)
THR	-1.8845813935868	94.941	0(0)	0.959(959)
THR	-1.814981523987	94.545	0(0)	0.955(955)
THR	-1.7453816543872	94.149	0(0)	0.951(951)
THR	-1.6757817847874	93.06	0(0)	0.94(940)
THR	-1.6061819151876	92.169	0(0)	0.931(931)
THR	-1.5365820455878	90.981	0(0)	0.919(919)
THR	-1.466982175988	89.892	0(0)	0.908(908)
THR	-1.3973823063882	88.902	0(0)	0.898(898)
THR	-1.3277824367884	87.615	0(0)	0.885(885)
THR	-1.2581825671886	86.328	0(0)	0.872(872)
THR	-1.1885826975888	84.843	0(0)	0.857(857)
THR	-1.118982827989	83.16	0(0)	0.84(840)
THR	-1.0493829583892	80.883	0(0)	0.817(817)
THR	-0.979783088789403	78.705	0(0)	0.795(795)
THR	-0.910183219189603	76.923	0(0)	0.777(777)
THR	-0.840583349589803	75.141	0(0)	0.759(759)
THR	-0.770983479990003	73.062	0(0)	0.738(738)
THR	-0.701383610390203	69.498	0(0)	0.702(702)
THR	-0.631783740790403	65.043	0(0)	0.657(657)
THR	-0.562183871190603	60.687	0(0)	0.613(613)
THR	-0.492584001590803	56.331	0(0)	0.569(569)
THR	-0.422984131991002	51.084	0(0)	0.516(516)
THR	-0.353384262391202	45.243	0(0)	0.457(457)
THR	-0.283784392791402	40.194	0(0)	0.406(406)
THR	-0.214184523191602	36.139	0.004(1)	0.365(365)
THR	-0.144584653591802	31.684	0.004(1)	0.32(320)
THR	-0.0749847839920025	27.031	0.004(1)	0.273(273)
THR	-0.00538491439220246	21.986	0.008(2)	0.222(222)
THR	0.0642149552075975	18.43	0.016(4)	0.186(186)
THR	0.133814824807398	13.88	0.02(5)	0.14(140)
THR	0.203414694407198	11.128	0.04(10)	0.112(112)
THR	0.273014564006998	9.778	0.076(19)	0.098(98)
THR	0.342614433606798	7.541	0.116(29)	0.075(75)
THR	0.412214303206598	6.215	0.176(44)	0.061(61)
THR	0.481814172806398	4.374	0.216(54)	0.042(42)
THR	0.551414042406198	3.919	0.256(64)	0.037(37)
THR	0.621013912005998	3.005	0.332(83)	0.027(27)
THR	0.690613781605798	2.606	0.428(107)	0.022(22)
THR	0.760213651205598	1.973	0.488(122)	0.015(15)
THR	0.829813520805398	1.72	0.532(133)	0.012(12)
THR	0.899413390405198	1.483	0.592(148)	0.009(9)
THR	0.969013260004998	1.452	0.66(165)	0.008(8)
THR	1.0386131296048	1.413	0.72(180)	0.007(7)
THR	1.1082129992046	1.263	0.768(192)	0.005(5)
THR	1.1778128688044	1.117	0.82(205)	0.003(3)
THR	1.2474127384042	1.026	0.828(207)	0.002(2)
THR	1.317012608004	1.07	0.872(218)	0.002(2)
THR	1.3866124776038	0.983	0.884(221)	0.001(1)
THR	1.4562123472036	0.896	0.896(224)	0(0)
THR	1.5258122168034	0.908	0.908(227)	0(0)
THR	1.5954120864032	0.924	0.924(231)	0(0)
THR	1.665011956003	0.928	0.928(232)	0(0)
THR	1.7346118256028	0.948	0.948(237)	0(0)
THR	1.8042116952026	0.96	0.96(240)	0(0)
THR	1.8738115648024	0.964	0.964(241)	0(0)
THR	1.9434114344022	0.964	0.964(241)	0(0)
THR	2.013011304002	0.972	0.972(243)	0(0)
THR	2.0826111736018	0.98	0.98(245)	0(0)
THR	2.1522110432016	0.98	0.98(245)	0(0)
THR	2.2218109128014	0.988	0.988(247)	0(0)
THR	2.2914107824012	0.988	0.988(247)	0(0)
THR	2.361010652001	0.992	0.992(248)	0(0)
THR	2.4306105216008	0.992	0.992(248)	0(0)
THR	2.5002103912006	0.992	0.992(248)	0(0)
THR	2.5698102608004	0.996	0.996(249)	0(0)
THR	2.6394101304002	0.996	0.996(249)	0(0)
THR	2.70901	0.996	0.996(249)	0(0)
THR	2.7786098695998	1	1(250)	0(0)


==============================================
THR: 1.4562123472036
Missed:     224/250=0.8960
FalseAlarm: 0/1000=0.0000
----------------------------------------------
==> CostDetection: 89.6
==============================================
dom dic  8 14:36:52 CET 2019
Num_Gauss: 11
dom dic 8 14:39:03 CET 2019: classerr ---
nerr=40	ntot=785	error_rate=5.10%
dom dic  8 14:39:03 CET 2019
dom dic 8 14:39:37 CET 2019: verif_err ---
Threshold search:
THR	-3.40474618866	99	0(0)	1(1000)
THR	-3.3428595267734	98.802	0(0)	0.998(998)
THR	-3.2809728648868	98.604	0(0)	0.996(996)
THR	-3.2190862030002	98.604	0(0)	0.996(996)
THR	-3.1571995411136	98.604	0(0)	0.996(996)
THR	-3.095312879227	98.604	0(0)	0.996(996)
THR	-3.0334262173404	98.505	0(0)	0.995(995)
THR	-2.9715395554538	98.406	0(0)	0.994(994)
THR	-2.9096528935672	98.307	0(0)	0.993(993)
THR	-2.8477662316806	98.208	0(0)	0.992(992)
THR	-2.785879569794	97.812	0(0)	0.988(988)
THR	-2.7239929079074	97.812	0(0)	0.988(988)
THR	-2.6621062460208	97.614	0(0)	0.986(986)
THR	-2.6002195841342	97.614	0(0)	0.986(986)
THR	-2.5383329222476	97.515	0(0)	0.985(985)
THR	-2.476446260361	97.515	0(0)	0.985(985)
THR	-2.4145595984744	97.317	0(0)	0.983(983)
THR	-2.3526729365878	97.02	0(0)	0.98(980)
THR	-2.2907862747012	96.822	0(0)	0.978(978)
THR	-2.2288996128146	96.327	0(0)	0.973(973)
THR	-2.167012950928	95.832	0(0)	0.968(968)
THR	-2.1051262890414	95.634	0(0)	0.966(966)
THR	-2.0432396271548	95.337	0(0)	0.963(963)
THR	-1.9813529652682	94.941	0(0)	0.959(959)
THR	-1.9194663033816	94.644	0(0)	0.956(956)
THR	-1.857579641495	94.248	0(0)	0.952(952)
THR	-1.7956929796084	94.05	0(0)	0.95(950)
THR	-1.7338063177218	93.357	0(0)	0.943(943)
THR	-1.6719196558352	92.961	0(0)	0.939(939)
THR	-1.6100329939486	91.674	0(0)	0.926(926)
THR	-1.548146332062	91.08	0(0)	0.92(920)
THR	-1.4862596701754	89.793	0(0)	0.907(907)
THR	-1.4243730082888	88.506	0(0)	0.894(894)
THR	-1.3624863464022	87.516	0(0)	0.884(884)
THR	-1.3005996845156	85.635	0(0)	0.865(865)
THR	-1.238713022629	84.645	0(0)	0.855(855)
THR	-1.1768263607424	82.863	0(0)	0.837(837)
THR	-1.1149396988558	81.873	0(0)	0.827(827)
THR	-1.0530530369692	79.695	0(0)	0.805(805)
THR	-0.991166375082597	78.606	0(0)	0.794(794)
THR	-0.929279713195997	77.319	0(0)	0.781(781)
THR	-0.867393051309397	75.438	0(0)	0.762(762)
THR	-0.805506389422797	73.656	0(0)	0.744(744)
THR	-0.743619727536197	71.874	0(0)	0.726(726)
THR	-0.681733065649597	67.815	0(0)	0.685(685)
THR	-0.619846403762997	64.647	0(0)	0.653(653)
THR	-0.557959741876397	60.687	0(0)	0.613(613)
THR	-0.496073079989797	55.638	0(0)	0.562(562)
THR	-0.434186418103197	52.371	0(0)	0.529(529)
THR	-0.372299756216597	46.035	0(0)	0.465(465)
THR	-0.310413094329997	42.273	0(0)	0.427(427)
THR	-0.248526432443397	38.911	0.004(1)	0.393(393)
THR	-0.186639770556797	34.159	0.004(1)	0.345(345)
THR	-0.124753108670197	29.11	0.004(1)	0.294(294)
THR	-0.0628664467835972	25.645	0.004(1)	0.259(259)
THR	-0.00097978489699721	22.481	0.008(2)	0.227(227)
THR	0.0609068769896028	18.129	0.012(3)	0.183(183)
THR	0.122793538876203	13.674	0.012(3)	0.138(138)
THR	0.184680200762803	11.718	0.036(9)	0.118(118)
THR	0.246566862649403	9.564	0.06(15)	0.096(96)
THR	0.308453524536003	8.305	0.088(22)	0.083(83)
THR	0.370340186422603	7.165	0.136(34)	0.071(71)
THR	0.432226848309203	5.154	0.204(51)	0.05(50)
THR	0.494113510195803	3.903	0.24(60)	0.037(37)
THR	0.556000172082403	3.543	0.276(69)	0.033(33)
THR	0.617886833969003	2.807	0.332(83)	0.025(25)
THR	0.679773495855603	2.277	0.396(99)	0.019(19)
THR	0.741660157742203	1.66	0.472(118)	0.012(12)
THR	0.803546819628803	1.53	0.54(135)	0.01(10)
THR	0.865433481515403	1.574	0.584(146)	0.01(10)
THR	0.927320143402003	1.345	0.652(163)	0.007(7)
THR	0.989206805288602	0.989	0.692(173)	0.003(3)
THR	1.0510934671752	1.061	0.764(191)	0.003(3)
THR	1.1129801290618	1.085	0.788(197)	0.003(3)
THR	1.1748667909484	1.01	0.812(203)	0.002(2)
THR	1.236753452835	0.947	0.848(212)	0.001(1)
THR	1.2986401147216	0.967	0.868(217)	0.001(1)
THR	1.3605267766082	0.983	0.884(221)	0.001(1)
THR	1.4224134384948	0.999	0.9(225)	0.001(1)
THR	1.4843001003814	0.912	0.912(228)	0(0)
THR	1.546186762268	0.928	0.928(232)	0(0)
THR	1.6080734241546	0.932	0.932(233)	0(0)
THR	1.6699600860412	0.94	0.94(235)	0(0)
THR	1.7318467479278	0.948	0.948(237)	0(0)
THR	1.7937334098144	0.948	0.948(237)	0(0)
THR	1.855620071701	0.952	0.952(238)	0(0)
THR	1.9175067335876	0.96	0.96(240)	0(0)
THR	1.9793933954742	0.964	0.964(241)	0(0)
THR	2.0412800573608	0.968	0.968(242)	0(0)
THR	2.1031667192474	0.972	0.972(243)	0(0)
THR	2.165053381134	0.972	0.972(243)	0(0)
THR	2.2269400430206	0.98	0.98(245)	0(0)
THR	2.2888267049072	0.988	0.988(247)	0(0)
THR	2.3507133667938	0.988	0.988(247)	0(0)
THR	2.4126000286804	0.992	0.992(248)	0(0)
THR	2.474486690567	0.992	0.992(248)	0(0)
THR	2.5363733524536	0.992	0.992(248)	0(0)
THR	2.5982600143402	0.996	0.996(249)	0(0)
THR	2.6601466762268	0.996	0.996(249)	0(0)
THR	2.7220333381134	0.996	0.996(249)	0(0)
THR	2.78392	1	1(250)	0(0)


==============================================
THR: 1.4843001003814
Missed:     228/250=0.9120
FalseAlarm: 0/1000=0.0000
----------------------------------------------
==> CostDetection: 91.2
==============================================
dom dic  8 14:39:37 CET 2019
Num_Gauss: 12
dom dic 8 14:41:58 CET 2019: classerr ---
nerr=37	ntot=785	error_rate=4.71%
dom dic  8 14:41:58 CET 2019
dom dic 8 14:42:35 CET 2019: verif_err ---
Threshold search:
THR	-3.45143628561	99	0(0)	1(1000)
THR	-3.3885801227539	98.901	0(0)	0.999(999)
THR	-3.3257239598978	98.901	0(0)	0.999(999)
THR	-3.2628677970417	98.802	0(0)	0.998(998)
THR	-3.2000116341856	98.703	0(0)	0.997(997)
THR	-3.1371554713295	98.703	0(0)	0.997(997)
THR	-3.0742993084734	98.505	0(0)	0.995(995)
THR	-3.0114431456173	98.505	0(0)	0.995(995)
THR	-2.9485869827612	98.406	0(0)	0.994(994)
THR	-2.8857308199051	98.307	0(0)	0.993(993)
THR	-2.822874657049	98.208	0(0)	0.992(992)
THR	-2.7600184941929	98.01	0(0)	0.99(990)
THR	-2.6971623313368	97.713	0(0)	0.987(987)
THR	-2.6343061684807	97.713	0(0)	0.987(987)
THR	-2.5714500056246	97.614	0(0)	0.986(986)
THR	-2.5085938427685	97.317	0(0)	0.983(983)
THR	-2.4457376799124	97.218	0(0)	0.982(982)
THR	-2.3828815170563	96.921	0(0)	0.979(979)
THR	-2.3200253542002	96.921	0(0)	0.979(979)
THR	-2.2571691913441	96.624	0(0)	0.976(976)
THR	-2.194313028488	96.426	0(0)	0.974(974)
THR	-2.1314568656319	95.931	0(0)	0.969(969)
THR	-2.0686007027758	95.733	0(0)	0.967(967)
THR	-2.0057445399197	95.04	0(0)	0.96(960)
THR	-1.9428883770636	94.842	0(0)	0.958(958)
THR	-1.8800322142075	94.644	0(0)	0.956(956)
THR	-1.8171760513514	93.951	0(0)	0.949(949)
THR	-1.7543198884953	93.357	0(0)	0.943(943)
THR	-1.6914637256392	92.862	0(0)	0.938(938)
THR	-1.6286075627831	91.773	0(0)	0.927(927)
THR	-1.565751399927	90.684	0(0)	0.916(916)
THR	-1.5028952370709	89.991	0(0)	0.909(909)
THR	-1.4400390742148	88.803	0(0)	0.897(897)
THR	-1.3771829113587	87.219	0(0)	0.881(881)
THR	-1.3143267485026	85.833	0(0)	0.867(867)
THR	-1.2514705856465	84.348	0(0)	0.852(852)
THR	-1.1886144227904	83.16	0(0)	0.84(840)
THR	-1.1257582599343	81.477	0(0)	0.823(823)
THR	-1.0629020970782	79.497	0(0)	0.803(803)
THR	-1.0000459342221	78.309	0(0)	0.791(791)
THR	-0.937189771365997	76.824	0(0)	0.776(776)
THR	-0.874333608509897	75.537	0(0)	0.763(763)
THR	-0.811477445653797	72.765	0(0)	0.735(735)
THR	-0.748621282797697	70.488	0(0)	0.712(712)
THR	-0.685765119941597	66.825	0(0)	0.675(675)
THR	-0.622908957085497	63.36	0(0)	0.64(640)
THR	-0.560052794229397	59.103	0(0)	0.597(597)
THR	-0.497196631373297	55.143	0(0)	0.557(557)
THR	-0.434340468517197	50.985	0(0)	0.515(515)
THR	-0.371484305661097	46.53	0(0)	0.47(470)
THR	-0.308628142804997	42.079	0.004(1)	0.425(425)
THR	-0.245771979948897	37.228	0.004(1)	0.376(376)
THR	-0.182915817092797	33.169	0.004(1)	0.335(335)
THR	-0.120059654236697	29.308	0.004(1)	0.296(296)
THR	-0.0572034913805968	25.051	0.004(1)	0.253(253)
THR	0.0056526714755032	20.992	0.004(1)	0.212(212)
THR	0.0685088343316032	16.046	0.008(2)	0.162(162)
THR	0.131364997187703	12.886	0.016(4)	0.13(130)
THR	0.194221160043803	10.934	0.044(11)	0.11(110)
THR	0.257077322899903	9.675	0.072(18)	0.097(97)
THR	0.319933485756003	8.321	0.104(26)	0.083(83)
THR	0.382789648612103	6.797	0.164(41)	0.067(67)
THR	0.445645811468203	5.451	0.204(51)	0.053(53)
THR	0.508501974324303	4.018	0.256(64)	0.038(38)
THR	0.571358137180403	3.377	0.308(77)	0.031(31)
THR	0.634214300036503	2.716	0.34(85)	0.024(24)
THR	0.697070462892603	2.4	0.42(105)	0.02(20)
THR	0.759926625748703	1.755	0.468(117)	0.013(13)
THR	0.822782788604803	1.609	0.52(130)	0.011(11)
THR	0.885638951460903	1.368	0.576(144)	0.008(8)
THR	0.948495114317003	1.135	0.64(160)	0.005(5)
THR	1.0113512771731	0.989	0.692(173)	0.003(3)
THR	1.0742074400292	1.053	0.756(189)	0.003(3)
THR	1.1370636028853	0.986	0.788(197)	0.002(2)
THR	1.1999197657414	1.014	0.816(204)	0.002(2)
THR	1.2627759285975	1.054	0.856(214)	0.002(2)
THR	1.3256320914536	0.979	0.88(220)	0.001(1)
THR	1.3884882543097	0.987	0.888(222)	0.001(1)
THR	1.4513444171658	1.007	0.908(227)	0.001(1)
THR	1.5142005800219	0.924	0.924(231)	0(0)
THR	1.577056742878	0.928	0.928(232)	0(0)
THR	1.6399129057341	0.932	0.932(233)	0(0)
THR	1.7027690685902	0.936	0.936(234)	0(0)
THR	1.7656252314463	0.944	0.944(236)	0(0)
THR	1.8284813943024	0.952	0.952(238)	0(0)
THR	1.8913375571585	0.956	0.956(239)	0(0)
THR	1.9541937200146	0.96	0.96(240)	0(0)
THR	2.0170498828707	0.964	0.964(241)	0(0)
THR	2.0799060457268	0.968	0.968(242)	0(0)
THR	2.1427622085829	0.972	0.972(243)	0(0)
THR	2.205618371439	0.98	0.98(245)	0(0)
THR	2.2684745342951	0.984	0.984(246)	0(0)
THR	2.3313306971512	0.988	0.988(247)	0(0)
THR	2.3941868600073	0.992	0.992(248)	0(0)
THR	2.4570430228634	0.992	0.992(248)	0(0)
THR	2.5198991857195	0.992	0.992(248)	0(0)
THR	2.5827553485756	0.992	0.992(248)	0(0)
THR	2.6456115114317	0.996	0.996(249)	0(0)
THR	2.7084676742878	0.996	0.996(249)	0(0)
THR	2.7713238371439	0.996	0.996(249)	0(0)
THR	2.83418	1	1(250)	0(0)


==============================================
THR: 1.5142005800219
Missed:     231/250=0.9240
FalseAlarm: 0/1000=0.0000
----------------------------------------------
==> CostDetection: 92.4
==============================================
dom dic  8 14:42:35 CET 2019
Num_Gauss: 13
dom dic 8 14:45:06 CET 2019: classerr ---
nerr=36	ntot=784	error_rate=4.59%
dom dic  8 14:45:06 CET 2019
dom dic 8 14:45:46 CET 2019: verif_err ---
Threshold search:
THR	-3.81229661039	99	0(0)	1(1000)
THR	-3.7461926442861	98.901	0(0)	0.999(999)
THR	-3.6800886781822	98.901	0(0)	0.999(999)
THR	-3.6139847120783	98.901	0(0)	0.999(999)
THR	-3.5478807459744	98.802	0(0)	0.998(998)
THR	-3.4817767798705	98.802	0(0)	0.998(998)
THR	-3.4156728137666	98.802	0(0)	0.998(998)
THR	-3.3495688476627	98.703	0(0)	0.997(997)
THR	-3.2834648815588	98.703	0(0)	0.997(997)
THR	-3.2173609154549	98.604	0(0)	0.996(996)
THR	-3.151256949351	98.505	0(0)	0.995(995)
THR	-3.0851529832471	98.505	0(0)	0.995(995)
THR	-3.0190490171432	98.505	0(0)	0.995(995)
THR	-2.9529450510393	98.307	0(0)	0.993(993)
THR	-2.8868410849354	98.109	0(0)	0.991(991)
THR	-2.8207371188315	98.109	0(0)	0.991(991)
THR	-2.7546331527276	97.911	0(0)	0.989(989)
THR	-2.6885291866237	97.713	0(0)	0.987(987)
THR	-2.6224252205198	97.713	0(0)	0.987(987)
THR	-2.5563212544159	97.614	0(0)	0.986(986)
THR	-2.490217288312	97.416	0(0)	0.984(984)
THR	-2.4241133222081	97.416	0(0)	0.984(984)
THR	-2.3580093561042	97.317	0(0)	0.983(983)
THR	-2.2919053900003	97.02	0(0)	0.98(980)
THR	-2.2258014238964	96.525	0(0)	0.975(975)
THR	-2.1596974577925	95.733	0(0)	0.967(967)
THR	-2.0935934916886	95.535	0(0)	0.965(965)
THR	-2.0274895255847	95.139	0(0)	0.961(961)
THR	-1.9613855594808	94.743	0(0)	0.957(957)
THR	-1.8952815933769	94.545	0(0)	0.955(955)
THR	-1.829177627273	94.149	0(0)	0.951(951)
THR	-1.7630736611691	93.753	0(0)	0.947(947)
THR	-1.6969696950652	93.06	0(0)	0.94(940)
THR	-1.6308657289613	92.169	0(0)	0.931(931)
THR	-1.5647617628574	91.179	0(0)	0.921(921)
THR	-1.4986577967535	90.387	0(0)	0.913(913)
THR	-1.4325538306496	89.199	0(0)	0.901(901)
THR	-1.3664498645457	87.516	0(0)	0.884(884)
THR	-1.3003458984418	85.932	0(0)	0.868(868)
THR	-1.2342419323379	84.546	0(0)	0.854(854)
THR	-1.168137966234	82.467	0(0)	0.833(833)
THR	-1.1020340001301	80.685	0(0)	0.815(815)
THR	-1.0359300340262	79.299	0(0)	0.801(801)
THR	-0.969826067922299	77.913	0(0)	0.787(787)
THR	-0.903722101818399	76.131	0(0)	0.769(769)
THR	-0.837618135714499	73.557	0(0)	0.743(743)
THR	-0.771514169610599	71.082	0(0)	0.718(718)
THR	-0.705410203506699	68.112	0(0)	0.688(688)
THR	-0.639306237402799	63.855	0(0)	0.645(645)
THR	-0.573202271298899	60.786	0(0)	0.614(614)
THR	-0.507098305194999	56.43	0(0)	0.57(570)
THR	-0.440994339091099	51.282	0(0)	0.518(518)
THR	-0.374890372987199	46.926	0(0)	0.474(474)
THR	-0.308786406883299	41.683	0.004(1)	0.421(421)
THR	-0.242682440779399	36.931	0.004(1)	0.373(373)
THR	-0.176578474675499	32.773	0.004(1)	0.331(331)
THR	-0.110474508571599	29.308	0.004(1)	0.296(296)
THR	-0.044370542467699	24.259	0.004(1)	0.245(245)
THR	0.021733423636201	20.006	0.008(2)	0.202(202)
THR	0.087837389740101	15.46	0.016(4)	0.156(156)
THR	0.153941355844001	12.205	0.028(7)	0.123(123)
THR	0.220045321947901	10.241	0.044(11)	0.103(103)
THR	0.286149288051801	8.598	0.084(21)	0.086(86)
THR	0.352253254155701	6.955	0.124(31)	0.069(69)
THR	0.418357220259601	5.629	0.184(46)	0.055(55)
THR	0.484461186363501	4.477	0.22(55)	0.043(43)
THR	0.550565152467401	3.844	0.28(70)	0.036(36)
THR	0.616669118571301	2.997	0.324(81)	0.027(27)
THR	0.682773084675201	1.865	0.38(95)	0.015(15)
THR	0.748877050779101	1.446	0.456(114)	0.01(10)
THR	0.814981016883001	1.395	0.504(126)	0.009(9)
THR	0.881084982986901	1.356	0.564(141)	0.008(8)
THR	0.947188949090801	1.024	0.628(157)	0.004(4)
THR	1.0132929151947	1.005	0.708(177)	0.003(3)
THR	1.0793968812986	0.867	0.768(192)	0.001(1)
THR	1.1455008474025	0.907	0.808(202)	0.001(1)
THR	1.2116048135064	0.931	0.832(208)	0.001(1)
THR	1.2777087796103	0.955	0.856(214)	0.001(1)
THR	1.3438127457142	0.971	0.872(218)	0.001(1)
THR	1.4099167118181	0.995	0.896(224)	0.001(1)
THR	1.476020677922	0.912	0.912(228)	0(0)
THR	1.5421246440259	0.924	0.924(231)	0(0)
THR	1.6082286101298	0.932	0.932(233)	0(0)
THR	1.6743325762337	0.94	0.94(235)	0(0)
THR	1.7404365423376	0.94	0.94(235)	0(0)
THR	1.8065405084415	0.948	0.948(237)	0(0)
THR	1.8726444745454	0.956	0.956(239)	0(0)
THR	1.9387484406493	0.96	0.96(240)	0(0)
THR	2.0048524067532	0.964	0.964(241)	0(0)
THR	2.0709563728571	0.964	0.964(241)	0(0)
THR	2.137060338961	0.972	0.972(243)	0(0)
THR	2.2031643050649	0.972	0.972(243)	0(0)
THR	2.2692682711688	0.98	0.98(245)	0(0)
THR	2.3353722372727	0.992	0.992(248)	0(0)
THR	2.4014762033766	0.992	0.992(248)	0(0)
THR	2.4675801694805	0.992	0.992(248)	0(0)
THR	2.5336841355844	0.992	0.992(248)	0(0)
THR	2.5997881016883	0.996	0.996(249)	0(0)
THR	2.6658920677922	0.996	0.996(249)	0(0)
THR	2.7319960338961	0.996	0.996(249)	0(0)
THR	2.7981	1	1(250)	0(0)


==============================================
THR: 1.0793968812986
Missed:     192/250=0.7680
FalseAlarm: 1/1000=0.0010
----------------------------------------------
==> CostDetection: 86.7
==============================================
dom dic  8 14:45:46 CET 2019
Num_Gauss: 14
dom dic 8 14:48:32 CET 2019: classerr ---
nerr=34	ntot=784	error_rate=4.34%
dom dic  8 14:48:32 CET 2019
dom dic 8 14:49:15 CET 2019: verif_err ---
Threshold search:
THR	-3.98583680361	99	0(0)	1(1000)
THR	-3.9178006355739	98.901	0(0)	0.999(999)
THR	-3.8497644675378	98.901	0(0)	0.999(999)
THR	-3.7817282995017	98.901	0(0)	0.999(999)
THR	-3.7136921314656	98.901	0(0)	0.999(999)
THR	-3.6456559634295	98.802	0(0)	0.998(998)
THR	-3.5776197953934	98.802	0(0)	0.998(998)
THR	-3.5095836273573	98.703	0(0)	0.997(997)
THR	-3.4415474593212	98.703	0(0)	0.997(997)
THR	-3.3735112912851	98.703	0(0)	0.997(997)
THR	-3.305475123249	98.604	0(0)	0.996(996)
THR	-3.2374389552129	98.505	0(0)	0.995(995)
THR	-3.1694027871768	98.505	0(0)	0.995(995)
THR	-3.1013666191407	98.406	0(0)	0.994(994)
THR	-3.0333304511046	98.406	0(0)	0.994(994)
THR	-2.9652942830685	98.406	0(0)	0.994(994)
THR	-2.8972581150324	98.208	0(0)	0.992(992)
THR	-2.8292219469963	98.208	0(0)	0.992(992)
THR	-2.7611857789602	98.109	0(0)	0.991(991)
THR	-2.6931496109241	97.812	0(0)	0.988(988)
THR	-2.625113442888	97.812	0(0)	0.988(988)
THR	-2.5570772748519	97.614	0(0)	0.986(986)
THR	-2.4890411068158	97.614	0(0)	0.986(986)
THR	-2.4210049387797	97.218	0(0)	0.982(982)
THR	-2.3529687707436	96.921	0(0)	0.979(979)
THR	-2.2849326027075	96.822	0(0)	0.978(978)
THR	-2.2168964346714	96.624	0(0)	0.976(976)
THR	-2.1488602666353	96.129	0(0)	0.971(971)
THR	-2.0808240985992	95.535	0(0)	0.965(965)
THR	-2.0127879305631	94.842	0(0)	0.958(958)
THR	-1.944751762527	94.842	0(0)	0.958(958)
THR	-1.8767155944909	94.149	0(0)	0.951(951)
THR	-1.8086794264548	93.852	0(0)	0.948(948)
THR	-1.7406432584187	93.159	0(0)	0.941(941)
THR	-1.6726070903826	92.367	0(0)	0.933(933)
THR	-1.6045709223465	91.179	0(0)	0.921(921)
THR	-1.5365347543104	90.486	0(0)	0.914(914)
THR	-1.4684985862743	89.001	0(0)	0.899(899)
THR	-1.4004624182382	88.011	0(0)	0.889(889)
THR	-1.3324262502021	86.427	0(0)	0.873(873)
THR	-1.264390082166	84.942	0(0)	0.858(858)
THR	-1.1963539141299	83.16	0(0)	0.84(840)
THR	-1.1283177460938	81.18	0(0)	0.82(820)
THR	-1.0602815780577	79.794	0(0)	0.806(806)
THR	-0.992245410021604	77.517	0(0)	0.783(783)
THR	-0.924209241985504	75.933	0(0)	0.767(767)
THR	-0.856173073949404	74.25	0(0)	0.75(750)
THR	-0.788136905913304	70.686	0(0)	0.714(714)
THR	-0.720100737877204	66.825	0(0)	0.675(675)
THR	-0.652064569841104	63.162	0(0)	0.638(638)
THR	-0.584028401805004	59.796	0(0)	0.604(604)
THR	-0.515992233768904	56.43	0(0)	0.57(570)
THR	-0.447956065732804	51.777	0(0)	0.523(523)
THR	-0.379919897696704	45.738	0(0)	0.462(462)
THR	-0.311883729660604	41.976	0(0)	0.424(424)
THR	-0.243847561624504	36.436	0.004(1)	0.368(368)
THR	-0.175811393588404	31.391	0.008(2)	0.317(317)
THR	-0.107775225552304	27.233	0.008(2)	0.275(275)
THR	-0.0397390575162035	23.075	0.008(2)	0.233(233)
THR	0.0282971105198964	17.638	0.016(4)	0.178(178)
THR	0.0963332785559964	13.777	0.016(4)	0.139(139)
THR	0.164369446592096	11.33	0.044(11)	0.114(114)
THR	0.232405614628196	9.754	0.052(13)	0.098(98)
THR	0.300441782664296	8.606	0.092(23)	0.086(86)
THR	0.368477950700396	7.161	0.132(33)	0.071(71)
THR	0.436514118736496	5.237	0.188(47)	0.051(51)
THR	0.504550286772597	3.697	0.232(58)	0.035(35)
THR	0.572586454808697	3.048	0.276(69)	0.028(28)
THR	0.640622622844797	2.332	0.352(88)	0.02(20)
THR	0.708658790880897	1.901	0.416(104)	0.015(15)
THR	0.776694958916997	1.549	0.46(115)	0.011(11)
THR	0.844731126953097	1.609	0.52(130)	0.011(11)
THR	0.912767294989197	1.182	0.588(147)	0.006(6)
THR	0.980803463025297	1.06	0.664(166)	0.004(4)
THR	1.0488396310614	1.017	0.72(180)	0.003(3)
THR	1.1168757990975	0.974	0.776(194)	0.002(2)
THR	1.1849119671336	1.01	0.812(203)	0.002(2)
THR	1.2529481351697	1.03	0.832(208)	0.002(2)
THR	1.3209843032058	1.058	0.86(215)	0.002(2)
THR	1.3890204712419	0.983	0.884(221)	0.001(1)
THR	1.457056639278	0.892	0.892(223)	0(0)
THR	1.5250928073141	0.912	0.912(228)	0(0)
THR	1.5931289753502	0.928	0.928(232)	0(0)
THR	1.6611651433863	0.936	0.936(234)	0(0)
THR	1.7292013114224	0.94	0.94(235)	0(0)
THR	1.7972374794585	0.956	0.956(239)	0(0)
THR	1.8652736474946	0.964	0.964(241)	0(0)
THR	1.9333098155307	0.964	0.964(241)	0(0)
THR	2.0013459835668	0.964	0.964(241)	0(0)
THR	2.0693821516029	0.972	0.972(243)	0(0)
THR	2.137418319639	0.972	0.972(243)	0(0)
THR	2.20545448767509	0.98	0.98(245)	0(0)
THR	2.27349065571119	0.988	0.988(247)	0(0)
THR	2.34152682374729	0.992	0.992(248)	0(0)
THR	2.40956299178339	0.992	0.992(248)	0(0)
THR	2.47759915981949	0.992	0.992(248)	0(0)
THR	2.54563532785559	0.996	0.996(249)	0(0)
THR	2.61367149589169	0.996	0.996(249)	0(0)
THR	2.68170766392779	0.996	0.996(249)	0(0)
THR	2.74974383196389	0.996	0.996(249)	0(0)
THR	2.81777999999999	0.996	0.996(249)	0(0)
THR	2.88581616803609	1	1(250)	0(0)


==============================================
THR: 1.457056639278
Missed:     223/250=0.8920
FalseAlarm: 0/1000=0.0000
----------------------------------------------
==> CostDetection: 89.2
==============================================
dom dic  8 14:49:15 CET 2019
Num_Gauss: 15
dom dic 8 14:52:13 CET 2019: classerr ---
nerr=37	ntot=784	error_rate=4.72%
dom dic  8 14:52:13 CET 2019
dom dic 8 14:52:59 CET 2019: verif_err ---
Threshold search:
THR	-4.89534754563	99	0(0)	1(1000)
THR	-4.8198911701737	98.901	0(0)	0.999(999)
THR	-4.7444347947174	98.901	0(0)	0.999(999)
THR	-4.6689784192611	98.901	0(0)	0.999(999)
THR	-4.5935220438048	98.901	0(0)	0.999(999)
THR	-4.5180656683485	98.901	0(0)	0.999(999)
THR	-4.4426092928922	98.901	0(0)	0.999(999)
THR	-4.3671529174359	98.901	0(0)	0.999(999)
THR	-4.2916965419796	98.901	0(0)	0.999(999)
THR	-4.2162401665233	98.901	0(0)	0.999(999)
THR	-4.140783791067	98.901	0(0)	0.999(999)
THR	-4.0653274156107	98.901	0(0)	0.999(999)
THR	-3.9898710401544	98.901	0(0)	0.999(999)
THR	-3.9144146646981	98.901	0(0)	0.999(999)
THR	-3.8389582892418	98.802	0(0)	0.998(998)
THR	-3.7635019137855	98.802	0(0)	0.998(998)
THR	-3.6880455383292	98.802	0(0)	0.998(998)
THR	-3.6125891628729	98.604	0(0)	0.996(996)
THR	-3.5371327874166	98.604	0(0)	0.996(996)
THR	-3.4616764119603	98.604	0(0)	0.996(996)
THR	-3.386220036504	98.604	0(0)	0.996(996)
THR	-3.3107636610477	98.505	0(0)	0.995(995)
THR	-3.2353072855914	98.505	0(0)	0.995(995)
THR	-3.1598509101351	98.505	0(0)	0.995(995)
THR	-3.0843945346788	98.406	0(0)	0.994(994)
THR	-3.00893815922251	98.406	0(0)	0.994(994)
THR	-2.93348178376621	98.109	0(0)	0.991(991)
THR	-2.85802540830991	98.01	0(0)	0.99(990)
THR	-2.78256903285361	97.812	0(0)	0.988(988)
THR	-2.70711265739731	97.713	0(0)	0.987(987)
THR	-2.63165628194101	97.713	0(0)	0.987(987)
THR	-2.55619990648471	97.515	0(0)	0.985(985)
THR	-2.48074353102841	97.317	0(0)	0.983(983)
THR	-2.40528715557211	96.723	0(0)	0.977(977)
THR	-2.32983078011581	96.426	0(0)	0.974(974)
THR	-2.25437440465951	96.129	0(0)	0.971(971)
THR	-2.17891802920321	95.337	0(0)	0.963(963)
THR	-2.10346165374691	95.04	0(0)	0.96(960)
THR	-2.02800527829061	94.446	0(0)	0.954(954)
THR	-1.95254890283431	93.852	0(0)	0.948(948)
THR	-1.87709252737801	93.357	0(0)	0.943(943)
THR	-1.80163615192171	92.763	0(0)	0.937(937)
THR	-1.72617977646541	91.674	0(0)	0.926(926)
THR	-1.65072340100911	90.783	0(0)	0.917(917)
THR	-1.57526702555281	89.892	0(0)	0.908(908)
THR	-1.49981065009651	88.605	0(0)	0.895(895)
THR	-1.42435427464021	86.526	0(0)	0.874(874)
THR	-1.34889789918391	84.942	0(0)	0.858(858)
THR	-1.27344152372761	83.061	0(0)	0.839(839)
THR	-1.19798514827131	80.982	0(0)	0.818(818)
THR	-1.12252877281501	79.101	0(0)	0.799(799)
THR	-1.04707239735871	78.012	0(0)	0.788(788)
THR	-0.971616021902407	75.042	0(0)	0.758(758)
THR	-0.896159646446107	73.062	0(0)	0.738(738)
THR	-0.820703270989807	69.696	0(0)	0.704(704)
THR	-0.745246895533507	66.033	0(0)	0.667(667)
THR	-0.669790520077207	61.776	0(0)	0.624(624)
THR	-0.594334144620907	57.717	0(0)	0.583(583)
THR	-0.518877769164607	52.866	0(0)	0.534(534)
THR	-0.443421393708307	47.124	0(0)	0.476(476)
THR	-0.367965018252007	41.485	0.004(1)	0.419(419)
THR	-0.292508642795707	36.832	0.004(1)	0.372(372)
THR	-0.217052267339407	32.08	0.004(1)	0.324(324)
THR	-0.141595891883107	26.536	0.004(1)	0.268(268)
THR	-0.0661395164268073	21.887	0.008(2)	0.221(221)
THR	0.00931685902949272	17.832	0.012(3)	0.18(180)
THR	0.0847732344857927	13.286	0.02(5)	0.134(134)
THR	0.160229609942093	10.918	0.028(7)	0.11(110)
THR	0.235685985398393	8.372	0.056(14)	0.084(84)
THR	0.311142360854693	6.139	0.1(25)	0.061(61)
THR	0.386598736310993	4.512	0.156(39)	0.044(44)
THR	0.462055111767293	3.495	0.228(57)	0.033(33)
THR	0.537511487223593	2.779	0.304(76)	0.025(25)
THR	0.612967862679893	2.031	0.348(87)	0.017(17)
THR	0.688424238136193	1.493	0.404(101)	0.011(11)
THR	0.763880613592493	1.272	0.48(120)	0.008(8)
THR	0.839336989048793	1.174	0.58(145)	0.006(6)
THR	0.914793364505093	1.052	0.656(164)	0.004(4)
THR	0.990249739961393	1.084	0.688(172)	0.004(4)
THR	1.06570611541769	0.946	0.748(187)	0.002(2)
THR	1.14116249087399	1.006	0.808(202)	0.002(2)
THR	1.21661886633029	0.975	0.876(219)	0.001(1)
THR	1.29207524178659	0.9	0.9(225)	0(0)
THR	1.36753161724289	0.92	0.92(230)	0(0)
THR	1.44298799269919	0.932	0.932(233)	0(0)
THR	1.51844436815549	0.936	0.936(234)	0(0)
THR	1.59390074361179	0.94	0.94(235)	0(0)
THR	1.66935711906809	0.944	0.944(236)	0(0)
THR	1.74481349452439	0.944	0.944(236)	0(0)
THR	1.82026986998069	0.948	0.948(237)	0(0)
THR	1.89572624543699	0.956	0.956(239)	0(0)
THR	1.97118262089329	0.956	0.956(239)	0(0)
THR	2.04663899634959	0.96	0.96(240)	0(0)
THR	2.12209537180589	0.976	0.976(244)	0(0)
THR	2.19755174726219	0.976	0.976(244)	0(0)
THR	2.27300812271849	0.976	0.976(244)	0(0)
THR	2.34846449817479	0.976	0.976(244)	0(0)
THR	2.42392087363109	0.984	0.984(246)	0(0)
THR	2.49937724908739	0.984	0.984(246)	0(0)
THR	2.57483362454369	0.992	0.992(248)	0(0)
THR	2.65028999999999	0.996	0.996(249)	0(0)
THR	2.72574637545629	1	1(250)	0(0)


==============================================
THR: 1.29207524178659
Missed:     225/250=0.9000
FalseAlarm: 0/1000=0.0000
----------------------------------------------
==> CostDetection: 90.0
==============================================
dom dic  8 14:52:59 CET 2019
Num_Gauss: 16
dom dic 8 14:56:15 CET 2019: classerr ---
nerr=35	ntot=783	error_rate=4.47%
dom dic  8 14:56:15 CET 2019
dom dic 8 14:57:02 CET 2019: verif_err ---
Threshold search:
THR	-4.87025748969	99	0(0)	1(1000)
THR	-4.7953605147931	98.901	0(0)	0.999(999)
THR	-4.7204635398962	98.901	0(0)	0.999(999)
THR	-4.6455665649993	98.901	0(0)	0.999(999)
THR	-4.5706695901024	98.901	0(0)	0.999(999)
THR	-4.4957726152055	98.901	0(0)	0.999(999)
THR	-4.4208756403086	98.901	0(0)	0.999(999)
THR	-4.3459786654117	98.901	0(0)	0.999(999)
THR	-4.2710816905148	98.901	0(0)	0.999(999)
THR	-4.1961847156179	98.901	0(0)	0.999(999)
THR	-4.121287740721	98.901	0(0)	0.999(999)
THR	-4.0463907658241	98.901	0(0)	0.999(999)
THR	-3.9714937909272	98.901	0(0)	0.999(999)
THR	-3.8965968160303	98.901	0(0)	0.999(999)
THR	-3.8216998411334	98.802	0(0)	0.998(998)
THR	-3.7468028662365	98.802	0(0)	0.998(998)
THR	-3.6719058913396	98.802	0(0)	0.998(998)
THR	-3.5970089164427	98.703	0(0)	0.997(997)
THR	-3.5221119415458	98.604	0(0)	0.996(996)
THR	-3.4472149666489	98.604	0(0)	0.996(996)
THR	-3.372317991752	98.604	0(0)	0.996(996)
THR	-3.2974210168551	98.604	0(0)	0.996(996)
THR	-3.2225240419582	98.604	0(0)	0.996(996)
THR	-3.1476270670613	98.604	0(0)	0.996(996)
THR	-3.0727300921644	98.406	0(0)	0.994(994)
THR	-2.9978331172675	98.307	0(0)	0.993(993)
THR	-2.9229361423706	98.208	0(0)	0.992(992)
THR	-2.8480391674737	98.109	0(0)	0.991(991)
THR	-2.7731421925768	98.109	0(0)	0.991(991)
THR	-2.6982452176799	97.911	0(0)	0.989(989)
THR	-2.623348242783	97.812	0(0)	0.988(988)
THR	-2.5484512678861	97.515	0(0)	0.985(985)
THR	-2.4735542929892	96.921	0(0)	0.979(979)
THR	-2.3986573180923	96.426	0(0)	0.974(974)
THR	-2.3237603431954	95.931	0(0)	0.969(969)
THR	-2.2488633682985	95.04	0(0)	0.96(960)
THR	-2.1739663934016	94.842	0(0)	0.958(958)
THR	-2.0990694185047	94.644	0(0)	0.956(956)
THR	-2.0241724436078	94.05	0(0)	0.95(950)
THR	-1.9492754687109	93.456	0(0)	0.944(944)
THR	-1.874378493814	92.763	0(0)	0.937(937)
THR	-1.7994815189171	92.268	0(0)	0.932(932)
THR	-1.7245845440202	91.278	0(0)	0.922(922)
THR	-1.6496875691233	90.387	0(0)	0.913(913)
THR	-1.5747905942264	89.199	0(0)	0.901(901)
THR	-1.4998936193295	88.209	0(0)	0.891(891)
THR	-1.4249966444326	86.328	0(0)	0.872(872)
THR	-1.3500996695357	84.645	0(0)	0.855(855)
THR	-1.2752026946388	82.467	0(0)	0.833(833)
THR	-1.2003057197419	81.18	0(0)	0.82(820)
THR	-1.125408744845	79.2	0(0)	0.8(800)
THR	-1.0505117699481	77.319	0(0)	0.781(781)
THR	-0.975614795051203	75.339	0(0)	0.761(761)
THR	-0.900717820154303	72.171	0(0)	0.729(729)
THR	-0.825820845257403	70.191	0(0)	0.709(709)
THR	-0.750923870360503	64.647	0(0)	0.653(653)
THR	-0.676026895463603	61.083	0(0)	0.617(617)
THR	-0.601129920566703	57.024	0(0)	0.576(576)
THR	-0.526232945669803	52.767	0(0)	0.533(533)
THR	-0.451335970772903	47.227	0.004(1)	0.477(477)
THR	-0.376438995876003	41.683	0.004(1)	0.421(421)
THR	-0.301542020979103	37.228	0.004(1)	0.376(376)
THR	-0.226645046082203	32.381	0.008(2)	0.327(327)
THR	-0.151748071185303	26.54	0.008(2)	0.268(268)
THR	-0.0768510962884031	21.986	0.008(2)	0.222(222)
THR	-0.00195412139150314	18.224	0.008(2)	0.184(184)
THR	0.0729428535053969	14.371	0.016(4)	0.145(145)
THR	0.147839828402297	10.122	0.024(6)	0.102(102)
THR	0.222736803299197	7.976	0.056(14)	0.08(80)
THR	0.297633778196097	5.549	0.104(26)	0.055(55)
THR	0.372530753092997	4.013	0.152(38)	0.039(39)
THR	0.447427727989897	3.182	0.212(53)	0.03(30)
THR	0.522324702886797	2.664	0.288(72)	0.024(24)
THR	0.597221677783697	1.916	0.332(83)	0.016(16)
THR	0.672118652680597	1.184	0.392(98)	0.008(8)
THR	0.747015627577497	0.963	0.468(117)	0.005(5)
THR	0.821912602474397	0.96	0.564(141)	0.004(4)
THR	0.896809577371297	0.83	0.632(158)	0.002(2)
THR	0.971706552268197	0.89	0.692(173)	0.002(2)
THR	1.0466035271651	0.966	0.768(192)	0.002(2)
THR	1.121500502062	0.919	0.82(205)	0.001(1)
THR	1.1963974769589	0.86	0.86(215)	0(0)
THR	1.2712944518558	0.892	0.892(223)	0(0)
THR	1.3461914267527	0.916	0.916(229)	0(0)
THR	1.4210884016496	0.928	0.928(232)	0(0)
THR	1.4959853765465	0.94	0.94(235)	0(0)
THR	1.5708823514434	0.944	0.944(236)	0(0)
THR	1.6457793263403	0.948	0.948(237)	0(0)
THR	1.7206763012372	0.948	0.948(237)	0(0)
THR	1.7955732761341	0.952	0.952(238)	0(0)
THR	1.870470251031	0.96	0.96(240)	0(0)
THR	1.9453672259279	0.964	0.964(241)	0(0)
THR	2.0202642008248	0.964	0.964(241)	0(0)
THR	2.0951611757217	0.976	0.976(244)	0(0)
THR	2.1700581506186	0.976	0.976(244)	0(0)
THR	2.2449551255155	0.976	0.976(244)	0(0)
THR	2.3198521004124	0.984	0.984(246)	0(0)
THR	2.3947490753093	0.984	0.984(246)	0(0)
THR	2.4696460502062	0.984	0.984(246)	0(0)
THR	2.5445430251031	0.992	0.992(248)	0(0)
THR	2.61944	0.996	0.996(249)	0(0)
THR	2.6943369748969	1	1(250)	0(0)


==============================================
THR: 0.896809577371297
Missed:     158/250=0.6320
FalseAlarm: 2/1000=0.0020
----------------------------------------------
==> CostDetection: 83.0
==============================================
dom dic  8 14:57:02 CET 2019
Num_Gauss: 17
dom dic 8 15:00:30 CET 2019: classerr ---
nerr=29	ntot=784	error_rate=3.70%
dom dic  8 15:00:30 CET 2019
dom dic 8 15:01:23 CET 2019: verif_err ---
Threshold search:
THR	-4.31367679369	99	0(0)	1(1000)
THR	-4.2457398257531	98.901	0(0)	0.999(999)
THR	-4.1778028578162	98.901	0(0)	0.999(999)
THR	-4.1098658898793	98.901	0(0)	0.999(999)
THR	-4.0419289219424	98.901	0(0)	0.999(999)
THR	-3.9739919540055	98.901	0(0)	0.999(999)
THR	-3.9060549860686	98.901	0(0)	0.999(999)
THR	-3.8381180181317	98.901	0(0)	0.999(999)
THR	-3.7701810501948	98.901	0(0)	0.999(999)
THR	-3.7022440822579	98.802	0(0)	0.998(998)
THR	-3.634307114321	98.802	0(0)	0.998(998)
THR	-3.5663701463841	98.604	0(0)	0.996(996)
THR	-3.4984331784472	98.604	0(0)	0.996(996)
THR	-3.4304962105103	98.604	0(0)	0.996(996)
THR	-3.3625592425734	98.604	0(0)	0.996(996)
THR	-3.2946222746365	98.604	0(0)	0.996(996)
THR	-3.2266853066996	98.604	0(0)	0.996(996)
THR	-3.1587483387627	98.604	0(0)	0.996(996)
THR	-3.0908113708258	98.505	0(0)	0.995(995)
THR	-3.0228744028889	98.406	0(0)	0.994(994)
THR	-2.954937434952	98.307	0(0)	0.993(993)
THR	-2.8870004670151	98.208	0(0)	0.992(992)
THR	-2.8190634990782	98.109	0(0)	0.991(991)
THR	-2.7511265311413	97.911	0(0)	0.989(989)
THR	-2.6831895632044	97.911	0(0)	0.989(989)
THR	-2.6152525952675	97.713	0(0)	0.987(987)
THR	-2.5473156273306	97.218	0(0)	0.982(982)
THR	-2.4793786593937	96.921	0(0)	0.979(979)
THR	-2.4114416914568	96.525	0(0)	0.975(975)
THR	-2.3435047235199	96.228	0(0)	0.972(972)
THR	-2.275567755583	96.03	0(0)	0.97(970)
THR	-2.2076307876461	95.535	0(0)	0.965(965)
THR	-2.1396938197092	95.238	0(0)	0.962(962)
THR	-2.0717568517723	94.842	0(0)	0.958(958)
THR	-2.0038198838354	94.446	0(0)	0.954(954)
THR	-1.9358829158985	93.951	0(0)	0.949(949)
THR	-1.8679459479616	93.159	0(0)	0.941(941)
THR	-1.8000089800247	92.565	0(0)	0.935(935)
THR	-1.7320720120878	92.07	0(0)	0.93(930)
THR	-1.6641350441509	91.179	0(0)	0.921(921)
THR	-1.596198076214	90.486	0(0)	0.914(914)
THR	-1.5282611082771	89.595	0(0)	0.905(905)
THR	-1.4603241403402	88.407	0(0)	0.893(893)
THR	-1.3923871724033	86.922	0(0)	0.878(878)
THR	-1.3244502044664	85.437	0(0)	0.863(863)
THR	-1.2565132365295	82.962	0(0)	0.838(838)
THR	-1.1885762685926	81.576	0(0)	0.824(824)
THR	-1.1206393006557	80.388	0(0)	0.812(812)
THR	-1.0527023327188	78.111	0(0)	0.789(789)
THR	-0.984765364781902	75.933	0(0)	0.767(767)
THR	-0.916828396845002	74.448	0(0)	0.752(752)
THR	-0.848891428908102	71.28	0(0)	0.72(720)
THR	-0.780954460971202	68.508	0(0)	0.692(692)
THR	-0.713017493034302	64.251	0(0)	0.649(649)
THR	-0.645080525097402	59.796	0(0)	0.604(604)
THR	-0.577143557160502	55.737	0(0)	0.563(563)
THR	-0.509206589223602	51.381	0(0)	0.519(519)
THR	-0.441269621286702	47.718	0(0)	0.482(482)
THR	-0.373332653349802	42.768	0(0)	0.432(432)
THR	-0.305395685412902	38.218	0.004(1)	0.386(386)
THR	-0.237458717476002	32.872	0.004(1)	0.332(332)
THR	-0.169521749539102	28.318	0.004(1)	0.286(286)
THR	-0.101584781602202	24.061	0.004(1)	0.243(243)
THR	-0.0336478136653021	20.204	0.008(2)	0.204(204)
THR	0.0342891542715979	15.749	0.008(2)	0.159(159)
THR	0.102226122208498	12.003	0.024(6)	0.121(121)
THR	0.170163090145398	9.239	0.032(8)	0.093(93)
THR	0.238100058082298	7.184	0.056(14)	0.072(72)
THR	0.306037026019198	4.848	0.096(24)	0.048(48)
THR	0.373973993956098	3.506	0.14(35)	0.034(34)
THR	0.441910961892998	2.869	0.196(49)	0.027(27)
THR	0.509847929829898	2.125	0.244(61)	0.019(19)
THR	0.577784897766798	1.884	0.3(75)	0.016(16)
THR	0.645721865703698	1.671	0.384(96)	0.013(13)
THR	0.713658833640598	1.216	0.424(106)	0.008(8)
THR	0.781595801577498	1.114	0.52(130)	0.006(6)
THR	0.849532769514398	0.885	0.588(147)	0.003(3)
THR	0.917469737451298	0.826	0.628(157)	0.002(2)
THR	0.985406705388198	0.811	0.712(178)	0.001(1)
THR	1.0533436733251	0.891	0.792(198)	0.001(1)
THR	1.121280641262	0.84	0.84(210)	0(0)
THR	1.1892176091989	0.892	0.892(223)	0(0)
THR	1.2571545771358	0.892	0.892(223)	0(0)
THR	1.3250915450727	0.908	0.908(227)	0(0)
THR	1.3930285130096	0.92	0.92(230)	0(0)
THR	1.4609654809465	0.924	0.924(231)	0(0)
THR	1.5289024488834	0.932	0.932(233)	0(0)
THR	1.5968394168203	0.944	0.944(236)	0(0)
THR	1.6647763847572	0.952	0.952(238)	0(0)
THR	1.7327133526941	0.952	0.952(238)	0(0)
THR	1.800650320631	0.952	0.952(238)	0(0)
THR	1.8685872885679	0.96	0.96(240)	0(0)
THR	1.9365242565048	0.968	0.968(242)	0(0)
THR	2.0044612244417	0.972	0.972(243)	0(0)
THR	2.0723981923786	0.976	0.976(244)	0(0)
THR	2.1403351603155	0.976	0.976(244)	0(0)
THR	2.2082721282524	0.98	0.98(245)	0(0)
THR	2.2762090961893	0.988	0.988(247)	0(0)
THR	2.3441460641262	0.988	0.988(247)	0(0)
THR	2.4120830320631	0.992	0.992(248)	0(0)
THR	2.48002	0.996	0.996(249)	0(0)
THR	2.5479569679369	1	1(250)	0(0)


==============================================
THR: 0.985406705388198
Missed:     178/250=0.7120
FalseAlarm: 1/1000=0.0010
----------------------------------------------
==> CostDetection: 81.1
==============================================
dom dic  8 15:01:23 CET 2019
Num_Gauss: 18
dom dic 8 15:05:05 CET 2019: classerr ---
nerr=34	ntot=783	error_rate=4.34%
dom dic  8 15:05:05 CET 2019
dom dic 8 15:05:59 CET 2019: verif_err ---
Threshold search:
THR	-4.56717712977	99	0(0)	1(1000)
THR	-4.4958793584723	98.901	0(0)	0.999(999)
THR	-4.4245815871746	98.901	0(0)	0.999(999)
THR	-4.3532838158769	98.901	0(0)	0.999(999)
THR	-4.2819860445792	98.901	0(0)	0.999(999)
THR	-4.2106882732815	98.901	0(0)	0.999(999)
THR	-4.1393905019838	98.901	0(0)	0.999(999)
THR	-4.0680927306861	98.901	0(0)	0.999(999)
THR	-3.9967949593884	98.802	0(0)	0.998(998)
THR	-3.9254971880907	98.802	0(0)	0.998(998)
THR	-3.854199416793	98.802	0(0)	0.998(998)
THR	-3.7829016454953	98.703	0(0)	0.997(997)
THR	-3.7116038741976	98.703	0(0)	0.997(997)
THR	-3.6403061028999	98.703	0(0)	0.997(997)
THR	-3.5690083316022	98.703	0(0)	0.997(997)
THR	-3.4977105603045	98.703	0(0)	0.997(997)
THR	-3.4264127890068	98.604	0(0)	0.996(996)
THR	-3.3551150177091	98.604	0(0)	0.996(996)
THR	-3.2838172464114	98.604	0(0)	0.996(996)
THR	-3.2125194751137	98.604	0(0)	0.996(996)
THR	-3.141221703816	98.505	0(0)	0.995(995)
THR	-3.0699239325183	98.406	0(0)	0.994(994)
THR	-2.9986261612206	98.307	0(0)	0.993(993)
THR	-2.9273283899229	98.208	0(0)	0.992(992)
THR	-2.8560306186252	98.109	0(0)	0.991(991)
THR	-2.7847328473275	98.01	0(0)	0.99(990)
THR	-2.7134350760298	97.812	0(0)	0.988(988)
THR	-2.6421373047321	97.515	0(0)	0.985(985)
THR	-2.5708395334344	97.119	0(0)	0.981(981)
THR	-2.4995417621367	96.723	0(0)	0.977(977)
THR	-2.428243990839	96.327	0(0)	0.973(973)
THR	-2.3569462195413	96.129	0(0)	0.971(971)
THR	-2.2856484482436	95.733	0(0)	0.967(967)
THR	-2.2143506769459	95.634	0(0)	0.966(966)
THR	-2.1430529056482	95.436	0(0)	0.964(964)
THR	-2.0717551343505	94.644	0(0)	0.956(956)
THR	-2.0004573630528	94.149	0(0)	0.951(951)
THR	-1.9291595917551	93.654	0(0)	0.946(946)
THR	-1.8578618204574	93.159	0(0)	0.941(941)
THR	-1.7865640491597	92.466	0(0)	0.934(934)
THR	-1.715266277862	91.575	0(0)	0.925(925)
THR	-1.6439685065643	90.486	0(0)	0.914(914)
THR	-1.5726707352666	89.694	0(0)	0.906(906)
THR	-1.5013729639689	88.803	0(0)	0.897(897)
THR	-1.4300751926712	87.615	0(0)	0.885(885)
THR	-1.3587774213735	85.536	0(0)	0.864(864)
THR	-1.2874796500758	83.853	0(0)	0.847(847)
THR	-1.2161818787781	81.873	0(0)	0.827(827)
THR	-1.1448841074804	80.289	0(0)	0.811(811)
THR	-1.0735863361827	78.507	0(0)	0.793(793)
THR	-1.002288564885	76.824	0(0)	0.776(776)
THR	-0.930990793587303	75.537	0(0)	0.763(763)
THR	-0.859693022289603	73.062	0(0)	0.738(738)
THR	-0.788395250991903	68.211	0(0)	0.689(689)
THR	-0.717097479694203	64.35	0(0)	0.65(650)
THR	-0.645799708396503	60.291	0(0)	0.609(609)
THR	-0.574501937098803	56.034	0(0)	0.566(566)
THR	-0.503204165801103	51.777	0(0)	0.523(523)
THR	-0.431906394503403	46.827	0(0)	0.473(473)
THR	-0.360608623205703	41.085	0(0)	0.415(415)
THR	-0.289310851908003	36.139	0.004(1)	0.365(365)
THR	-0.218013080610303	31.292	0.008(2)	0.316(316)
THR	-0.146715309312603	27.134	0.008(2)	0.274(274)
THR	-0.0754175380149035	22.184	0.008(2)	0.224(224)
THR	-0.00411976671720346	18.323	0.008(2)	0.185(185)
THR	0.0671780045804965	13.769	0.008(2)	0.139(139)
THR	0.138475775878197	9.92	0.02(5)	0.1(100)
THR	0.209773547175897	7.663	0.04(10)	0.077(77)
THR	0.281071318473597	5.83	0.088(22)	0.058(58)
THR	0.352369089771296	4.286	0.128(32)	0.042(42)
THR	0.423666861068996	3.546	0.18(45)	0.034(34)
THR	0.494964632366696	2.517	0.24(60)	0.023(23)
THR	0.566262403664397	2.098	0.316(79)	0.018(18)
THR	0.637560174962096	1.477	0.388(97)	0.011(11)
THR	0.708857946259796	1.137	0.444(111)	0.007(7)
THR	0.780155717557496	1.039	0.544(136)	0.005(5)
THR	0.851453488855196	1.02	0.624(156)	0.004(4)
THR	0.922751260152896	0.862	0.664(166)	0.002(2)
THR	0.994049031450596	0.851	0.752(188)	0.001(1)
THR	1.0653468027483	0.907	0.808(202)	0.001(1)
THR	1.136644574046	0.852	0.852(213)	0(0)
THR	1.2079423453437	0.872	0.872(218)	0(0)
THR	1.2792401166414	0.908	0.908(227)	0(0)
THR	1.3505378879391	0.92	0.92(230)	0(0)
THR	1.4218356592368	0.924	0.924(231)	0(0)
THR	1.4931334305345	0.928	0.928(232)	0(0)
THR	1.5644312018322	0.944	0.944(236)	0(0)
THR	1.6357289731299	0.948	0.948(237)	0(0)
THR	1.7070267444276	0.952	0.952(238)	0(0)
THR	1.7783245157253	0.956	0.956(239)	0(0)
THR	1.849622287023	0.96	0.96(240)	0(0)
THR	1.9209200583207	0.96	0.96(240)	0(0)
THR	1.9922178296184	0.968	0.968(242)	0(0)
THR	2.0635156009161	0.976	0.976(244)	0(0)
THR	2.1348133722138	0.976	0.976(244)	0(0)
THR	2.2061111435115	0.976	0.976(244)	0(0)
THR	2.2774089148092	0.988	0.988(247)	0(0)
THR	2.3487066861069	0.988	0.988(247)	0(0)
THR	2.4200044574046	0.988	0.988(247)	0(0)
THR	2.4913022287023	0.988	0.988(247)	0(0)
THR	2.5626	0.996	0.996(249)	0(0)
THR	2.6338977712977	1	1(250)	0(0)


==============================================
THR: 0.994049031450596
Missed:     188/250=0.7520
FalseAlarm: 1/1000=0.0010
----------------------------------------------
==> CostDetection: 85.1
==============================================
dom dic  8 15:05:59 CET 2019
Num_Gauss: 19
dom dic 8 15:09:50 CET 2019: classerr ---
nerr=30	ntot=784	error_rate=3.83%
dom dic  8 15:09:50 CET 2019
dom dic 8 15:10:48 CET 2019: verif_err ---
Threshold search:
THR	-4.99571754679	99	0(0)	1(1000)
THR	-4.9202495713221	98.901	0(0)	0.999(999)
THR	-4.8447815958542	98.901	0(0)	0.999(999)
THR	-4.7693136203863	98.901	0(0)	0.999(999)
THR	-4.6938456449184	98.901	0(0)	0.999(999)
THR	-4.6183776694505	98.901	0(0)	0.999(999)
THR	-4.5429096939826	98.901	0(0)	0.999(999)
THR	-4.4674417185147	98.901	0(0)	0.999(999)
THR	-4.3919737430468	98.901	0(0)	0.999(999)
THR	-4.3165057675789	98.901	0(0)	0.999(999)
THR	-4.241037792111	98.901	0(0)	0.999(999)
THR	-4.1655698166431	98.802	0(0)	0.998(998)
THR	-4.0901018411752	98.802	0(0)	0.998(998)
THR	-4.0146338657073	98.802	0(0)	0.998(998)
THR	-3.9391658902394	98.802	0(0)	0.998(998)
THR	-3.8636979147715	98.802	0(0)	0.998(998)
THR	-3.7882299393036	98.802	0(0)	0.998(998)
THR	-3.7127619638357	98.703	0(0)	0.997(997)
THR	-3.6372939883678	98.703	0(0)	0.997(997)
THR	-3.5618260128999	98.703	0(0)	0.997(997)
THR	-3.486358037432	98.703	0(0)	0.997(997)
THR	-3.4108900619641	98.604	0(0)	0.996(996)
THR	-3.3354220864962	98.604	0(0)	0.996(996)
THR	-3.2599541110283	98.604	0(0)	0.996(996)
THR	-3.1844861355604	98.604	0(0)	0.996(996)
THR	-3.1090181600925	98.406	0(0)	0.994(994)
THR	-3.0335501846246	98.208	0(0)	0.992(992)
THR	-2.9580822091567	98.109	0(0)	0.991(991)
THR	-2.8826142336888	98.01	0(0)	0.99(990)
THR	-2.8071462582209	97.911	0(0)	0.989(989)
THR	-2.731678282753	97.416	0(0)	0.984(984)
THR	-2.6562103072851	97.416	0(0)	0.984(984)
THR	-2.5807423318172	96.822	0(0)	0.978(978)
THR	-2.5052743563493	96.525	0(0)	0.975(975)
THR	-2.4298063808814	96.327	0(0)	0.973(973)
THR	-2.3543384054135	96.03	0(0)	0.97(970)
THR	-2.2788704299456	95.436	0(0)	0.964(964)
THR	-2.2034024544777	95.04	0(0)	0.96(960)
THR	-2.1279344790098	94.644	0(0)	0.956(956)
THR	-2.0524665035419	94.248	0(0)	0.952(952)
THR	-1.976998528074	93.456	0(0)	0.944(944)
THR	-1.9015305526061	92.862	0(0)	0.938(938)
THR	-1.8260625771382	92.169	0(0)	0.931(931)
THR	-1.7505946016703	91.476	0(0)	0.924(924)
THR	-1.6751266262024	89.991	0(0)	0.909(909)
THR	-1.5996586507345	89.595	0(0)	0.905(905)
THR	-1.5241906752666	88.407	0(0)	0.893(893)
THR	-1.4487226997987	87.12	0(0)	0.88(880)
THR	-1.3732547243308	85.14	0(0)	0.86(860)
THR	-1.2977867488629	82.665	0(0)	0.835(835)
THR	-1.222318773395	80.982	0(0)	0.818(818)
THR	-1.1468507979271	79.398	0(0)	0.802(802)
THR	-1.0713828224592	77.616	0(0)	0.784(784)
THR	-0.995914846991302	75.636	0(0)	0.764(764)
THR	-0.920446871523402	73.26	0(0)	0.74(740)
THR	-0.844978896055502	69.894	0(0)	0.706(706)
THR	-0.769510920587602	66.33	0(0)	0.67(670)
THR	-0.694042945119702	61.974	0(0)	0.626(626)
THR	-0.618574969651802	57.717	0(0)	0.583(583)
THR	-0.543106994183902	53.064	0(0)	0.536(536)
THR	-0.467639018716002	47.52	0(0)	0.48(480)
THR	-0.392171043248102	42.673	0.004(1)	0.431(431)
THR	-0.316703067780202	36.337	0.004(1)	0.367(367)
THR	-0.241235092312302	31.094	0.008(2)	0.314(314)
THR	-0.165767116844402	26.639	0.008(2)	0.269(269)
THR	-0.0902991413765021	22.184	0.008(2)	0.224(224)
THR	-0.0148311659086021	18.026	0.008(2)	0.182(182)
THR	0.0606368095592979	13.575	0.012(3)	0.137(137)
THR	0.136104785027198	10.011	0.012(3)	0.101(101)
THR	0.211572760495098	7.267	0.04(10)	0.073(73)
THR	0.287040735962998	5.652	0.108(27)	0.056(56)
THR	0.362508711430898	4.096	0.136(34)	0.04(40)
THR	0.437976686898798	3.051	0.18(45)	0.029(29)
THR	0.513444662366698	2.054	0.272(68)	0.018(18)
THR	0.588912637834598	1.92	0.336(84)	0.016(16)
THR	0.664380613302498	1.418	0.428(107)	0.01(10)
THR	0.739848588770398	1.193	0.5(125)	0.007(7)
THR	0.815316564238298	0.782	0.584(146)	0.002(2)
THR	0.890784539706198	0.834	0.636(159)	0.002(2)
THR	0.966252515174098	0.823	0.724(181)	0.001(1)
THR	1.041720490642	0.895	0.796(199)	0.001(1)
THR	1.1171884661099	0.84	0.84(210)	0(0)
THR	1.1926564415778	0.892	0.892(223)	0(0)
THR	1.2681244170457	0.904	0.904(226)	0(0)
THR	1.3435923925136	0.92	0.92(230)	0(0)
THR	1.4190603679815	0.924	0.924(231)	0(0)
THR	1.4945283434494	0.936	0.936(234)	0(0)
THR	1.5699963189173	0.944	0.944(236)	0(0)
THR	1.6454642943852	0.944	0.944(236)	0(0)
THR	1.7209322698531	0.952	0.952(238)	0(0)
THR	1.796400245321	0.956	0.956(239)	0(0)
THR	1.8718682207889	0.96	0.96(240)	0(0)
THR	1.9473361962568	0.964	0.964(241)	0(0)
THR	2.0228041717247	0.972	0.972(243)	0(0)
THR	2.0982721471926	0.972	0.972(243)	0(0)
THR	2.1737401226605	0.976	0.976(244)	0(0)
THR	2.2492080981284	0.98	0.98(245)	0(0)
THR	2.3246760735963	0.988	0.988(247)	0(0)
THR	2.4001440490642	0.988	0.988(247)	0(0)
THR	2.4756120245321	0.992	0.992(248)	0(0)
THR	2.55108	0.996	0.996(249)	0(0)
THR	2.6265479754679	1	1(250)	0(0)


==============================================
THR: 0.815316564238298
Missed:     146/250=0.5840
FalseAlarm: 2/1000=0.0020
----------------------------------------------
==> CostDetection: 78.2
==============================================
dom dic  8 15:10:48 CET 2019
Num_Gauss: 20
dom dic 8 15:14:58 CET 2019: classerr ---
nerr=21	ntot=783	error_rate=2.68%
dom dic  8 15:14:58 CET 2019
dom dic 8 15:16:00 CET 2019: verif_err ---
Threshold search:
THR	-5.01541754779	99	0(0)	1(1000)
THR	-4.9399395723121	98.901	0(0)	0.999(999)
THR	-4.8644615968342	98.901	0(0)	0.999(999)
THR	-4.7889836213563	98.901	0(0)	0.999(999)
THR	-4.7135056458784	98.901	0(0)	0.999(999)
THR	-4.6380276704005	98.901	0(0)	0.999(999)
THR	-4.5625496949226	98.901	0(0)	0.999(999)
THR	-4.4870717194447	98.901	0(0)	0.999(999)
THR	-4.4115937439668	98.901	0(0)	0.999(999)
THR	-4.3361157684889	98.901	0(0)	0.999(999)
THR	-4.260637793011	98.901	0(0)	0.999(999)
THR	-4.1851598175331	98.901	0(0)	0.999(999)
THR	-4.10968184205521	98.901	0(0)	0.999(999)
THR	-4.03420386657731	98.802	0(0)	0.998(998)
THR	-3.95872589109941	98.802	0(0)	0.998(998)
THR	-3.88324791562151	98.802	0(0)	0.998(998)
THR	-3.80776994014361	98.802	0(0)	0.998(998)
THR	-3.73229196466571	98.703	0(0)	0.997(997)
THR	-3.65681398918781	98.703	0(0)	0.997(997)
THR	-3.58133601370991	98.703	0(0)	0.997(997)
THR	-3.50585803823201	98.703	0(0)	0.997(997)
THR	-3.43038006275411	98.505	0(0)	0.995(995)
THR	-3.35490208727621	98.505	0(0)	0.995(995)
THR	-3.27942411179831	98.505	0(0)	0.995(995)
THR	-3.20394613632041	98.505	0(0)	0.995(995)
THR	-3.12846816084251	98.406	0(0)	0.994(994)
THR	-3.05299018536461	98.307	0(0)	0.993(993)
THR	-2.97751220988671	98.307	0(0)	0.993(993)
THR	-2.90203423440881	98.109	0(0)	0.991(991)
THR	-2.82655625893091	98.109	0(0)	0.991(991)
THR	-2.75107828345301	97.911	0(0)	0.989(989)
THR	-2.67560030797511	97.713	0(0)	0.987(987)
THR	-2.60012233249721	97.317	0(0)	0.983(983)
THR	-2.52464435701931	97.02	0(0)	0.98(980)
THR	-2.44916638154141	96.723	0(0)	0.977(977)
THR	-2.37368840606351	96.525	0(0)	0.975(975)
THR	-2.29821043058561	95.931	0(0)	0.969(969)
THR	-2.22273245510771	95.436	0(0)	0.964(964)
THR	-2.1472544796298	95.139	0(0)	0.961(961)
THR	-2.0717765041519	94.644	0(0)	0.956(956)
THR	-1.996298528674	93.753	0(0)	0.947(947)
THR	-1.9208205531961	93.06	0(0)	0.94(940)
THR	-1.8453425777182	92.664	0(0)	0.936(936)
THR	-1.7698646022403	91.476	0(0)	0.924(924)
THR	-1.6943866267624	90.981	0(0)	0.919(919)
THR	-1.6189086512845	90.288	0(0)	0.912(912)
THR	-1.5434306758066	88.605	0(0)	0.895(895)
THR	-1.4679527003287	87.318	0(0)	0.882(882)
THR	-1.3924747248508	85.932	0(0)	0.868(868)
THR	-1.3169967493729	83.259	0(0)	0.841(841)
THR	-1.241518773895	81.378	0(0)	0.822(822)
THR	-1.1660407984171	80.289	0(0)	0.811(811)
THR	-1.0905628229392	78.705	0(0)	0.795(795)
THR	-1.0150848474613	76.131	0(0)	0.769(769)
THR	-0.939606871983405	73.854	0(0)	0.746(746)
THR	-0.864128896505505	70.983	0(0)	0.717(717)
THR	-0.788650921027604	67.419	0(0)	0.681(681)
THR	-0.713172945549704	62.469	0(0)	0.631(631)
THR	-0.637694970071804	58.509	0(0)	0.591(591)
THR	-0.562216994593904	53.757	0(0)	0.543(543)
THR	-0.486739019116004	49.104	0(0)	0.496(496)
THR	-0.411261043638104	42.57	0(0)	0.43(430)
THR	-0.335783068160204	37.323	0(0)	0.377(377)
THR	-0.260305092682304	31.589	0.008(2)	0.319(319)
THR	-0.184827117204404	26.243	0.008(2)	0.265(265)
THR	-0.109349141726504	22.679	0.008(2)	0.229(229)
THR	-0.0338711662486043	18.026	0.008(2)	0.182(182)
THR	0.0416068092292957	13.868	0.008(2)	0.14(140)
THR	0.117084784707196	10.407	0.012(3)	0.105(105)
THR	0.192562760185096	7.457	0.032(8)	0.075(75)
THR	0.268040735662996	5.739	0.096(24)	0.057(57)
THR	0.343518711140896	4.476	0.12(30)	0.044(44)
THR	0.418996686618796	3.332	0.164(41)	0.032(32)
THR	0.494474662096696	2.327	0.248(62)	0.021(21)
THR	0.569952637574596	1.892	0.308(77)	0.016(16)
THR	0.645430613052496	1.299	0.408(102)	0.009(9)
THR	0.720908588530396	1.173	0.48(120)	0.007(7)
THR	0.796386564008296	0.762	0.564(141)	0.002(2)
THR	0.871864539486196	0.715	0.616(154)	0.001(1)
THR	0.947342514964096	0.783	0.684(171)	0.001(1)
THR	1.022820490442	0.883	0.784(196)	0.001(1)
THR	1.0982984659199	0.828	0.828(207)	0(0)
THR	1.1737764413978	0.88	0.88(220)	0(0)
THR	1.2492544168757	0.9	0.9(225)	0(0)
THR	1.3247323923536	0.92	0.92(230)	0(0)
THR	1.4002103678315	0.92	0.92(230)	0(0)
THR	1.4756883433094	0.928	0.928(232)	0(0)
THR	1.5511663187873	0.94	0.94(235)	0(0)
THR	1.6266442942652	0.944	0.944(236)	0(0)
THR	1.7021222697431	0.952	0.952(238)	0(0)
THR	1.777600245221	0.952	0.952(238)	0(0)
THR	1.8530782206989	0.956	0.956(239)	0(0)
THR	1.9285561961768	0.968	0.968(242)	0(0)
THR	2.0040341716547	0.972	0.972(243)	0(0)
THR	2.0795121471326	0.972	0.972(243)	0(0)
THR	2.1549901226105	0.976	0.976(244)	0(0)
THR	2.2304680980884	0.98	0.98(245)	0(0)
THR	2.3059460735663	0.98	0.98(245)	0(0)
THR	2.3814240490442	0.988	0.988(247)	0(0)
THR	2.4569020245221	0.988	0.988(247)	0(0)
THR	2.53238	0.996	0.996(249)	0(0)
THR	2.6078579754779	1	1(250)	0(0)


==============================================
THR: 0.871864539486196
Missed:     154/250=0.6160
FalseAlarm: 1/1000=0.0010
----------------------------------------------
==> CostDetection: 71.5
==============================================
dom dic  8 15:16:00 CET 2019
Coefs: 18
Num_Gauss: 21
dom dic 8 15:25:01 CET 2019: classerr ---
nerr=20	ntot=785	error_rate=2.55%
dom dic  8 15:25:01 CET 2019
dom dic 8 15:26:20 CET 2019: verif_err ---
Threshold search:
THR	-4.68250756032	99	0(0)	1(1000)
THR	-4.6069042847168	98.901	0(0)	0.999(999)
THR	-4.5313010091136	98.901	0(0)	0.999(999)
THR	-4.4556977335104	98.901	0(0)	0.999(999)
THR	-4.3800944579072	98.901	0(0)	0.999(999)
THR	-4.304491182304	98.901	0(0)	0.999(999)
THR	-4.2288879067008	98.901	0(0)	0.999(999)
THR	-4.1532846310976	98.901	0(0)	0.999(999)
THR	-4.0776813554944	98.901	0(0)	0.999(999)
THR	-4.0020780798912	98.901	0(0)	0.999(999)
THR	-3.926474804288	98.901	0(0)	0.999(999)
THR	-3.8508715286848	98.901	0(0)	0.999(999)
THR	-3.7752682530816	98.901	0(0)	0.999(999)
THR	-3.6996649774784	98.901	0(0)	0.999(999)
THR	-3.6240617018752	98.901	0(0)	0.999(999)
THR	-3.548458426272	98.901	0(0)	0.999(999)
THR	-3.4728551506688	98.901	0(0)	0.999(999)
THR	-3.3972518750656	98.901	0(0)	0.999(999)
THR	-3.3216485994624	98.604	0(0)	0.996(996)
THR	-3.2460453238592	98.604	0(0)	0.996(996)
THR	-3.170442048256	98.406	0(0)	0.994(994)
THR	-3.0948387726528	98.406	0(0)	0.994(994)
THR	-3.0192354970496	98.01	0(0)	0.99(990)
THR	-2.9436322214464	98.01	0(0)	0.99(990)
THR	-2.8680289458432	98.01	0(0)	0.99(990)
THR	-2.79242567024	97.911	0(0)	0.989(989)
THR	-2.7168223946368	97.812	0(0)	0.988(988)
THR	-2.6412191190336	97.218	0(0)	0.982(982)
THR	-2.5656158434304	97.02	0(0)	0.98(980)
THR	-2.4900125678272	96.921	0(0)	0.979(979)
THR	-2.414409292224	96.723	0(0)	0.977(977)
THR	-2.3388060166208	96.327	0(0)	0.973(973)
THR	-2.2632027410176	96.129	0(0)	0.971(971)
THR	-2.1875994654144	95.733	0(0)	0.967(967)
THR	-2.1119961898112	95.238	0(0)	0.962(962)
THR	-2.036392914208	94.941	0(0)	0.959(959)
THR	-1.9607896386048	94.545	0(0)	0.955(955)
THR	-1.8851863630016	93.357	0(0)	0.943(943)
THR	-1.8095830873984	92.268	0(0)	0.932(932)
THR	-1.7339798117952	91.476	0(0)	0.924(924)
THR	-1.658376536192	90.585	0(0)	0.915(915)
THR	-1.5827732605888	89.496	0(0)	0.904(904)
THR	-1.5071699849856	88.209	0(0)	0.891(891)
THR	-1.4315667093824	87.12	0(0)	0.88(880)
THR	-1.3559634337792	85.734	0(0)	0.866(866)
THR	-1.280360158176	83.457	0(0)	0.843(843)
THR	-1.2047568825728	81.18	0(0)	0.82(820)
THR	-1.1291536069696	78.804	0(0)	0.796(796)
THR	-1.0535503313664	77.616	0(0)	0.784(784)
THR	-0.977947055763205	74.745	0(0)	0.755(755)
THR	-0.902343780160005	70.884	0(0)	0.716(716)
THR	-0.826740504556805	68.409	0(0)	0.691(691)
THR	-0.751137228953605	65.043	0(0)	0.657(657)
THR	-0.675533953350405	59.4	0(0)	0.6(600)
THR	-0.599930677747205	55.044	0(0)	0.556(556)
THR	-0.524327402144005	50.49	0(0)	0.51(510)
THR	-0.448724126540805	44.352	0(0)	0.448(448)
THR	-0.373120850937605	38.115	0(0)	0.385(385)
THR	-0.297517575334405	33.759	0(0)	0.341(341)
THR	-0.221914299731205	28.413	0(0)	0.287(287)
THR	-0.146311024128005	23.661	0(0)	0.239(239)
THR	-0.0707077485248048	19.309	0.004(1)	0.195(195)
THR	0.00489552707839522	15.159	0.012(3)	0.153(153)
THR	0.0804988026815952	10.605	0.012(3)	0.107(107)
THR	0.156102078284795	8.146	0.028(7)	0.082(82)
THR	0.231705353887995	5.493	0.048(12)	0.055(55)
THR	0.307308629491195	4.448	0.092(23)	0.044(44)
THR	0.382911905094395	3.138	0.168(42)	0.03(30)
THR	0.458515180697595	2.212	0.232(58)	0.02(20)
THR	0.534118456300795	1.551	0.264(66)	0.013(13)
THR	0.609721731903995	1.013	0.32(80)	0.007(7)
THR	0.685325007507195	0.935	0.44(110)	0.005(5)
THR	0.760928283110395	0.9	0.504(126)	0.004(4)
THR	0.836531558713595	0.853	0.556(139)	0.003(3)
THR	0.912134834316795	0.85	0.652(163)	0.002(2)
THR	0.987738109919995	0.934	0.736(184)	0.002(2)
THR	1.0633413855232	0.788	0.788(197)	0(0)
THR	1.1389446611264	0.848	0.848(212)	0(0)
THR	1.2145479367296	0.868	0.868(217)	0(0)
THR	1.29015121233279	0.896	0.896(224)	0(0)
THR	1.36575448793599	0.916	0.916(229)	0(0)
THR	1.44135776353919	0.928	0.928(232)	0(0)
THR	1.51696103914239	0.936	0.936(234)	0(0)
THR	1.59256431474559	0.94	0.94(235)	0(0)
THR	1.66816759034879	0.948	0.948(237)	0(0)
THR	1.74377086595199	0.956	0.956(239)	0(0)
THR	1.81937414155519	0.96	0.96(240)	0(0)
THR	1.89497741715839	0.96	0.96(240)	0(0)
THR	1.97058069276159	0.964	0.964(241)	0(0)
THR	2.04618396836479	0.968	0.968(242)	0(0)
THR	2.12178724396799	0.972	0.972(243)	0(0)
THR	2.19739051957119	0.972	0.972(243)	0(0)
THR	2.27299379517439	0.972	0.972(243)	0(0)
THR	2.34859707077759	0.98	0.98(245)	0(0)
THR	2.42420034638079	0.984	0.984(246)	0(0)
THR	2.49980362198399	0.988	0.988(247)	0(0)
THR	2.57540689758719	0.996	0.996(249)	0(0)
THR	2.65101017319039	0.996	0.996(249)	0(0)
THR	2.72661344879359	0.996	0.996(249)	0(0)
THR	2.80221672439679	0.996	0.996(249)	0(0)
THR	2.87781999999999	0.996	0.996(249)	0(0)
THR	2.95342327560319	1	1(250)	0(0)


==============================================
THR: 1.0633413855232
Missed:     197/250=0.7880
FalseAlarm: 0/1000=0.0000
----------------------------------------------
==> CostDetection: 78.8
==============================================
dom dic  8 15:26:20 CET 2019
Num_Gauss: 25
dom dic 8 15:32:15 CET 2019: classerr ---
nerr=21	ntot=784	error_rate=2.68%
dom dic  8 15:32:15 CET 2019
dom dic 8 15:33:42 CET 2019: verif_err ---
Threshold search:
THR	-4.48478734395	99	0(0)	1(1000)
THR	-4.4113477705105	98.901	0(0)	0.999(999)
THR	-4.337908197071	98.901	0(0)	0.999(999)
THR	-4.2644686236315	98.901	0(0)	0.999(999)
THR	-4.191029050192	98.901	0(0)	0.999(999)
THR	-4.1175894767525	98.901	0(0)	0.999(999)
THR	-4.044149903313	98.901	0(0)	0.999(999)
THR	-3.9707103298735	98.901	0(0)	0.999(999)
THR	-3.897270756434	98.901	0(0)	0.999(999)
THR	-3.8238311829945	98.901	0(0)	0.999(999)
THR	-3.750391609555	98.901	0(0)	0.999(999)
THR	-3.6769520361155	98.901	0(0)	0.999(999)
THR	-3.603512462676	98.901	0(0)	0.999(999)
THR	-3.5300728892365	98.901	0(0)	0.999(999)
THR	-3.456633315797	98.802	0(0)	0.998(998)
THR	-3.3831937423575	98.604	0(0)	0.996(996)
THR	-3.309754168918	98.505	0(0)	0.995(995)
THR	-3.2363145954785	98.406	0(0)	0.994(994)
THR	-3.162875022039	98.208	0(0)	0.992(992)
THR	-3.0894354485995	98.109	0(0)	0.991(991)
THR	-3.01599587516	98.01	0(0)	0.99(990)
THR	-2.9425563017205	97.911	0(0)	0.989(989)
THR	-2.869116728281	97.713	0(0)	0.987(987)
THR	-2.7956771548415	97.515	0(0)	0.985(985)
THR	-2.722237581402	97.515	0(0)	0.985(985)
THR	-2.6487980079625	97.119	0(0)	0.981(981)
THR	-2.575358434523	97.119	0(0)	0.981(981)
THR	-2.5019188610835	96.723	0(0)	0.977(977)
THR	-2.428479287644	96.723	0(0)	0.977(977)
THR	-2.3550397142045	96.129	0(0)	0.971(971)
THR	-2.281600140765	96.03	0(0)	0.97(970)
THR	-2.2081605673255	95.535	0(0)	0.965(965)
THR	-2.134720993886	95.139	0(0)	0.961(961)
THR	-2.0612814204465	94.248	0(0)	0.952(952)
THR	-1.987841847007	93.258	0(0)	0.942(942)
THR	-1.9144022735675	92.367	0(0)	0.933(933)
THR	-1.840962700128	92.07	0(0)	0.93(930)
THR	-1.7675231266885	90.981	0(0)	0.919(919)
THR	-1.694083553249	90.288	0(0)	0.912(912)
THR	-1.6206439798095	88.803	0(0)	0.897(897)
THR	-1.54720440637	87.615	0(0)	0.885(885)
THR	-1.4737648329305	87.021	0(0)	0.879(879)
THR	-1.400325259491	84.645	0(0)	0.855(855)
THR	-1.3268856860515	82.269	0(0)	0.831(831)
THR	-1.253446112612	81.279	0(0)	0.821(821)
THR	-1.1800065391725	79.398	0(0)	0.802(802)
THR	-1.106566965733	77.517	0(0)	0.783(783)
THR	-1.0331273922935	75.339	0(0)	0.761(761)
THR	-0.959687818854004	71.973	0(0)	0.727(727)
THR	-0.886248245414504	68.805	0(0)	0.695(695)
THR	-0.812808671975004	64.944	0(0)	0.656(656)
THR	-0.739369098535504	61.776	0(0)	0.624(624)
THR	-0.665929525096004	57.321	0(0)	0.579(579)
THR	-0.592489951656504	52.965	0(0)	0.535(535)
THR	-0.519050378217004	48.312	0(0)	0.488(488)
THR	-0.445610804777504	42.277	0.004(1)	0.427(427)
THR	-0.372171231338004	36.733	0.004(1)	0.371(371)
THR	-0.298731657898504	31.387	0.004(1)	0.317(317)
THR	-0.225292084459004	26.536	0.004(1)	0.268(268)
THR	-0.151852511019504	20.794	0.004(1)	0.21(210)
THR	-0.0784129375800035	17.329	0.004(1)	0.175(175)
THR	-0.00497336414050353	13.171	0.004(1)	0.133(133)
THR	0.0684662092989965	10.011	0.012(3)	0.101(101)
THR	0.141905782738496	7.845	0.024(6)	0.079(79)
THR	0.215345356177996	5.98	0.04(10)	0.06(60)
THR	0.288784929617496	3.735	0.072(18)	0.037(37)
THR	0.362224503056996	2.9	0.128(32)	0.028(28)
THR	0.435664076496497	2.18	0.2(50)	0.02(20)
THR	0.509103649935997	1.638	0.252(63)	0.014(14)
THR	0.582543223375497	1.199	0.308(77)	0.009(9)
THR	0.655982796814997	0.978	0.384(96)	0.006(6)
THR	0.729422370254497	0.963	0.468(117)	0.005(5)
THR	0.802861943693997	0.948	0.552(138)	0.004(4)
THR	0.876301517133497	1	0.604(151)	0.004(4)
THR	0.949741090572997	0.878	0.68(170)	0.002(2)
THR	1.0231806640125	0.859	0.76(190)	0.001(1)
THR	1.096620237452	0.82	0.82(205)	0(0)
THR	1.1700598108915	0.852	0.852(213)	0(0)
THR	1.243499384331	0.892	0.892(223)	0(0)
THR	1.3169389577705	0.916	0.916(229)	0(0)
THR	1.39037853121	0.92	0.92(230)	0(0)
THR	1.4638181046495	0.928	0.928(232)	0(0)
THR	1.537257678089	0.932	0.932(233)	0(0)
THR	1.6106972515285	0.936	0.936(234)	0(0)
THR	1.684136824968	0.948	0.948(237)	0(0)
THR	1.7575763984075	0.952	0.952(238)	0(0)
THR	1.831015971847	0.956	0.956(239)	0(0)
THR	1.9044555452865	0.96	0.96(240)	0(0)
THR	1.977895118726	0.96	0.96(240)	0(0)
THR	2.0513346921655	0.964	0.964(241)	0(0)
THR	2.124774265605	0.968	0.968(242)	0(0)
THR	2.1982138390445	0.972	0.972(243)	0(0)
THR	2.271653412484	0.972	0.972(243)	0(0)
THR	2.3450929859235	0.972	0.972(243)	0(0)
THR	2.418532559363	0.976	0.976(244)	0(0)
THR	2.4919721328025	0.984	0.984(246)	0(0)
THR	2.565411706242	0.988	0.988(247)	0(0)
THR	2.6388512796815	0.996	0.996(249)	0(0)
THR	2.712290853121	0.996	0.996(249)	0(0)
THR	2.78573042656049	0.996	0.996(249)	0(0)
THR	2.85916999999999	0.996	0.996(249)	0(0)
THR	2.93260957343949	1	1(250)	0(0)


==============================================
THR: 1.096620237452
Missed:     205/250=0.8200
FalseAlarm: 0/1000=0.0000
----------------------------------------------
==> CostDetection: 82.0
==============================================
dom dic  8 15:33:42 CET 2019
Num_Gauss: 28
dom dic 8 15:40:31 CET 2019: classerr ---
nerr=17	ntot=783	error_rate=2.17%
dom dic  8 15:40:31 CET 2019
dom dic 8 15:42:09 CET 2019: verif_err ---
Threshold search:
THR	-4.95700779383	99	0(0)	1(1000)
THR	-4.8790694158917	98.901	0(0)	0.999(999)
THR	-4.8011310379534	98.901	0(0)	0.999(999)
THR	-4.7231926600151	98.901	0(0)	0.999(999)
THR	-4.6452542820768	98.901	0(0)	0.999(999)
THR	-4.5673159041385	98.901	0(0)	0.999(999)
THR	-4.4893775262002	98.901	0(0)	0.999(999)
THR	-4.4114391482619	98.901	0(0)	0.999(999)
THR	-4.3335007703236	98.901	0(0)	0.999(999)
THR	-4.2555623923853	98.901	0(0)	0.999(999)
THR	-4.177624014447	98.901	0(0)	0.999(999)
THR	-4.0996856365087	98.901	0(0)	0.999(999)
THR	-4.0217472585704	98.901	0(0)	0.999(999)
THR	-3.9438088806321	98.901	0(0)	0.999(999)
THR	-3.8658705026938	98.901	0(0)	0.999(999)
THR	-3.7879321247555	98.901	0(0)	0.999(999)
THR	-3.7099937468172	98.901	0(0)	0.999(999)
THR	-3.6320553688789	98.901	0(0)	0.999(999)
THR	-3.5541169909406	98.901	0(0)	0.999(999)
THR	-3.4761786130023	98.901	0(0)	0.999(999)
THR	-3.398240235064	98.505	0(0)	0.995(995)
THR	-3.3203018571257	98.406	0(0)	0.994(994)
THR	-3.2423634791874	98.406	0(0)	0.994(994)
THR	-3.1644251012491	98.307	0(0)	0.993(993)
THR	-3.0864867233108	98.208	0(0)	0.992(992)
THR	-3.0085483453725	98.109	0(0)	0.991(991)
THR	-2.9306099674342	97.713	0(0)	0.987(987)
THR	-2.8526715894959	97.713	0(0)	0.987(987)
THR	-2.7747332115576	97.515	0(0)	0.985(985)
THR	-2.6967948336193	97.317	0(0)	0.983(983)
THR	-2.61885645568101	97.02	0(0)	0.98(980)
THR	-2.54091807774271	96.624	0(0)	0.976(976)
THR	-2.46297969980441	96.426	0(0)	0.974(974)
THR	-2.38504132186611	96.228	0(0)	0.972(972)
THR	-2.30710294392781	95.733	0(0)	0.967(967)
THR	-2.22916456598951	95.337	0(0)	0.963(963)
THR	-2.15122618805121	95.04	0(0)	0.96(960)
THR	-2.07328781011291	94.644	0(0)	0.956(956)
THR	-1.99534943217461	94.149	0(0)	0.951(951)
THR	-1.91741105423631	93.258	0(0)	0.942(942)
THR	-1.83947267629801	92.07	0(0)	0.93(930)
THR	-1.76153429835971	90.981	0(0)	0.919(919)
THR	-1.68359592042141	89.892	0(0)	0.908(908)
THR	-1.60565754248311	88.605	0(0)	0.895(895)
THR	-1.52771916454481	87.219	0(0)	0.881(881)
THR	-1.44978078660651	85.635	0(0)	0.865(865)
THR	-1.37184240866821	84.051	0(0)	0.849(849)
THR	-1.29390403072991	81.972	0(0)	0.828(828)
THR	-1.21596565279161	79.893	0(0)	0.807(807)
THR	-1.13802727485331	78.111	0(0)	0.789(789)
THR	-1.06008889691501	75.24	0(0)	0.76(760)
THR	-0.982150518976705	73.062	0(0)	0.738(738)
THR	-0.904212141038405	68.904	0(0)	0.696(696)
THR	-0.826273763100105	65.241	0(0)	0.659(659)
THR	-0.748335385161805	60.588	0(0)	0.612(612)
THR	-0.670397007223505	56.034	0(0)	0.566(566)
THR	-0.592458629285205	52.173	0(0)	0.527(527)
THR	-0.514520251346905	47.322	0(0)	0.478(478)
THR	-0.436581873408605	40.887	0(0)	0.413(413)
THR	-0.358643495470305	33.858	0(0)	0.342(342)
THR	-0.280705117532005	29.106	0(0)	0.294(294)
THR	-0.202766739593705	23.958	0(0)	0.242(242)
THR	-0.124828361655405	19.404	0(0)	0.196(196)
THR	-0.0468899837171052	14.458	0.004(1)	0.146(146)
THR	0.0310483942211948	10.898	0.008(2)	0.11(110)
THR	0.108986772159495	8.435	0.02(5)	0.085(85)
THR	0.186925150097795	5.774	0.032(8)	0.058(58)
THR	0.264863528036095	4.713	0.06(15)	0.047(47)
THR	0.342801905974395	3.213	0.144(36)	0.031(31)
THR	0.420740283912695	2.56	0.184(46)	0.024(24)
THR	0.498678661850995	2.129	0.248(62)	0.019(19)
THR	0.576617039789295	1.215	0.324(81)	0.009(9)
THR	0.654555417727595	0.978	0.384(96)	0.006(6)
THR	0.732493795665895	0.975	0.48(120)	0.005(5)
THR	0.810432173604195	1.043	0.548(137)	0.005(5)
THR	0.888370551542495	1.02	0.624(156)	0.004(4)
THR	0.966308929480795	1.021	0.724(181)	0.003(3)
THR	1.04424730741909	1.089	0.792(198)	0.003(3)
THR	1.1221856853574	0.816	0.816(204)	0(0)
THR	1.2001240632957	0.856	0.856(214)	0(0)
THR	1.278062441234	0.9	0.9(225)	0(0)
THR	1.3560008191723	0.912	0.912(228)	0(0)
THR	1.4339391971106	0.916	0.916(229)	0(0)
THR	1.5118775750489	0.932	0.932(233)	0(0)
THR	1.5898159529872	0.94	0.94(235)	0(0)
THR	1.6677543309255	0.948	0.948(237)	0(0)
THR	1.7456927088638	0.956	0.956(239)	0(0)
THR	1.8236310868021	0.96	0.96(240)	0(0)
THR	1.9015694647404	0.96	0.96(240)	0(0)
THR	1.9795078426787	0.964	0.964(241)	0(0)
THR	2.057446220617	0.968	0.968(242)	0(0)
THR	2.1353845985553	0.968	0.968(242)	0(0)
THR	2.2133229764936	0.972	0.972(243)	0(0)
THR	2.29126135443189	0.972	0.972(243)	0(0)
THR	2.36919973237019	0.98	0.98(245)	0(0)
THR	2.44713811030849	0.984	0.984(246)	0(0)
THR	2.52507648824679	0.988	0.988(247)	0(0)
THR	2.60301486618509	0.992	0.992(248)	0(0)
THR	2.68095324412339	0.996	0.996(249)	0(0)
THR	2.75889162206169	0.996	0.996(249)	0(0)
THR	2.83682999999999	0.996	0.996(249)	0(0)
THR	2.91476837793829	1	1(250)	0(0)


==============================================
THR: 1.1221856853574
Missed:     204/250=0.8160
FalseAlarm: 0/1000=0.0000
----------------------------------------------
==> CostDetection: 81.6
==============================================
dom dic  8 15:42:09 CET 2019
Num_Gauss: 32
dom dic 8 15:49:52 CET 2019: classerr ---
nerr=17	ntot=782	error_rate=2.17%
dom dic  8 15:49:52 CET 2019
dom dic 8 15:51:44 CET 2019: verif_err ---
Threshold search:
THR	-5.00730785955	99	0(0)	1(1000)
THR	-4.9287122809545	98.901	0(0)	0.999(999)
THR	-4.850116702359	98.901	0(0)	0.999(999)
THR	-4.7715211237635	98.901	0(0)	0.999(999)
THR	-4.692925545168	98.901	0(0)	0.999(999)
THR	-4.6143299665725	98.901	0(0)	0.999(999)
THR	-4.535734387977	98.901	0(0)	0.999(999)
THR	-4.4571388093815	98.901	0(0)	0.999(999)
THR	-4.378543230786	98.901	0(0)	0.999(999)
THR	-4.2999476521905	98.901	0(0)	0.999(999)
THR	-4.221352073595	98.901	0(0)	0.999(999)
THR	-4.1427564949995	98.901	0(0)	0.999(999)
THR	-4.064160916404	98.901	0(0)	0.999(999)
THR	-3.9855653378085	98.901	0(0)	0.999(999)
THR	-3.906969759213	98.901	0(0)	0.999(999)
THR	-3.8283741806175	98.901	0(0)	0.999(999)
THR	-3.749778602022	98.901	0(0)	0.999(999)
THR	-3.6711830234265	98.901	0(0)	0.999(999)
THR	-3.592587444831	98.703	0(0)	0.997(997)
THR	-3.5139918662355	98.703	0(0)	0.997(997)
THR	-3.43539628764	98.604	0(0)	0.996(996)
THR	-3.3568007090445	98.505	0(0)	0.995(995)
THR	-3.278205130449	98.505	0(0)	0.995(995)
THR	-3.1996095518535	98.406	0(0)	0.994(994)
THR	-3.121013973258	98.406	0(0)	0.994(994)
THR	-3.0424183946625	98.208	0(0)	0.992(992)
THR	-2.963822816067	98.109	0(0)	0.991(991)
THR	-2.8852272374715	97.812	0(0)	0.988(988)
THR	-2.806631658876	97.614	0(0)	0.986(986)
THR	-2.7280360802805	97.416	0(0)	0.984(984)
THR	-2.649440501685	97.416	0(0)	0.984(984)
THR	-2.5708449230895	97.119	0(0)	0.981(981)
THR	-2.492249344494	96.525	0(0)	0.975(975)
THR	-2.4136537658985	96.426	0(0)	0.974(974)
THR	-2.335058187303	96.03	0(0)	0.97(970)
THR	-2.2564626087075	95.634	0(0)	0.966(966)
THR	-2.177867030112	95.436	0(0)	0.964(964)
THR	-2.0992714515165	94.644	0(0)	0.956(956)
THR	-2.020675872921	94.248	0(0)	0.952(952)
THR	-1.9420802943255	93.852	0(0)	0.948(948)
THR	-1.86348471573	93.159	0(0)	0.941(941)
THR	-1.7848891371345	91.773	0(0)	0.927(927)
THR	-1.706293558539	90.783	0(0)	0.917(917)
THR	-1.6276979799435	89.199	0(0)	0.901(901)
THR	-1.549102401348	87.516	0(0)	0.884(884)
THR	-1.4705068227525	85.734	0(0)	0.866(866)
THR	-1.391911244157	84.348	0(0)	0.852(852)
THR	-1.3133156655615	82.566	0(0)	0.834(834)
THR	-1.234720086966	80.19	0(0)	0.81(810)
THR	-1.1561245083705	77.814	0(0)	0.786(786)
THR	-1.077528929775	75.141	0(0)	0.759(759)
THR	-0.998933351179498	72.27	0(0)	0.73(730)
THR	-0.920337772583998	69.102	0(0)	0.698(698)
THR	-0.841742193988498	65.637	0(0)	0.663(663)
THR	-0.763146615392998	61.281	0(0)	0.619(619)
THR	-0.684551036797498	55.737	0(0)	0.563(563)
THR	-0.605955458201998	50.787	0(0)	0.513(513)
THR	-0.527359879606498	45.738	0(0)	0.462(462)
THR	-0.448764301010998	38.907	0(0)	0.393(393)
THR	-0.370168722415498	32.769	0(0)	0.331(331)
THR	-0.291573143819998	28.413	0(0)	0.287(287)
THR	-0.212977565224498	23.661	0(0)	0.239(239)
THR	-0.134381986628998	18.616	0.004(1)	0.188(188)
THR	-0.0557864080334982	14.858	0.008(2)	0.15(150)
THR	0.0228091705620018	11.496	0.012(3)	0.116(116)
THR	0.101404749157502	8.427	0.012(3)	0.085(85)
THR	0.180000327753002	6.075	0.036(9)	0.061(61)
THR	0.258595906348502	4.123	0.064(16)	0.041(41)
THR	0.337191484944002	3.268	0.1(25)	0.032(32)
THR	0.415787063539502	2.065	0.184(46)	0.019(19)
THR	0.494382642135002	1.523	0.236(59)	0.013(13)
THR	0.572978220730502	1.294	0.304(76)	0.01(10)
THR	0.651573799326002	1.093	0.4(100)	0.007(7)
THR	0.730169377921502	0.983	0.488(122)	0.005(5)
THR	0.808764956517002	0.94	0.544(136)	0.004(4)
THR	0.887360535112502	0.917	0.62(155)	0.003(3)
THR	0.965956113708002	1.009	0.712(178)	0.003(3)
THR	1.0445516923035	1.073	0.776(194)	0.003(3)
THR	1.123147270899	1.129	0.832(208)	0.003(3)
THR	1.2017428494945	0.963	0.864(216)	0.001(1)
THR	1.28033842809	0.987	0.888(222)	0.001(1)
THR	1.3589340066855	0.908	0.908(227)	0(0)
THR	1.437529585281	0.92	0.92(230)	0(0)
THR	1.5161251638765	0.924	0.924(231)	0(0)
THR	1.594720742472	0.936	0.936(234)	0(0)
THR	1.6733163210675	0.94	0.94(235)	0(0)
THR	1.751911899663	0.952	0.952(238)	0(0)
THR	1.8305074782585	0.96	0.96(240)	0(0)
THR	1.909103056854	0.96	0.96(240)	0(0)
THR	1.9876986354495	0.96	0.96(240)	0(0)
THR	2.066294214045	0.964	0.964(241)	0(0)
THR	2.1448897926405	0.968	0.968(242)	0(0)
THR	2.223485371236	0.976	0.976(244)	0(0)
THR	2.3020809498315	0.976	0.976(244)	0(0)
THR	2.380676528427	0.984	0.984(246)	0(0)
THR	2.4592721070225	0.988	0.988(247)	0(0)
THR	2.537867685618	0.988	0.988(247)	0(0)
THR	2.6164632642135	0.992	0.992(248)	0(0)
THR	2.695058842809	0.992	0.992(248)	0(0)
THR	2.7736544214045	0.992	0.992(248)	0(0)
THR	2.85225	1	1(250)	0(0)


==============================================
THR: 1.3589340066855
Missed:     227/250=0.9080
FalseAlarm: 0/1000=0.0000
----------------------------------------------
==> CostDetection: 90.8
==============================================
dom dic  8 15:51:44 CET 2019
Num_Gauss: 64
dom dic 8 16:07:37 CET 2019: classerr ---
nerr=19	ntot=784	error_rate=2.42%
dom dic  8 16:07:37 CET 2019
dom dic 8 16:11:26 CET 2019: verif_err ---
Threshold search:
THR	-5.31849802444	99	0(0)	1(1000)
THR	-5.2382535441956	98.901	0(0)	0.999(999)
THR	-5.1580090639512	98.901	0(0)	0.999(999)
THR	-5.0777645837068	98.901	0(0)	0.999(999)
THR	-4.9975201034624	98.901	0(0)	0.999(999)
THR	-4.917275623218	98.901	0(0)	0.999(999)
THR	-4.8370311429736	98.901	0(0)	0.999(999)
THR	-4.7567866627292	98.901	0(0)	0.999(999)
THR	-4.6765421824848	98.901	0(0)	0.999(999)
THR	-4.5962977022404	98.901	0(0)	0.999(999)
THR	-4.516053221996	98.901	0(0)	0.999(999)
THR	-4.4358087417516	98.901	0(0)	0.999(999)
THR	-4.3555642615072	98.901	0(0)	0.999(999)
THR	-4.2753197812628	98.802	0(0)	0.998(998)
THR	-4.1950753010184	98.802	0(0)	0.998(998)
THR	-4.114830820774	98.802	0(0)	0.998(998)
THR	-4.0345863405296	98.604	0(0)	0.996(996)
THR	-3.9543418602852	98.604	0(0)	0.996(996)
THR	-3.8740973800408	98.604	0(0)	0.996(996)
THR	-3.7938528997964	98.505	0(0)	0.995(995)
THR	-3.713608419552	98.505	0(0)	0.995(995)
THR	-3.6333639393076	98.505	0(0)	0.995(995)
THR	-3.5531194590632	98.406	0(0)	0.994(994)
THR	-3.4728749788188	98.406	0(0)	0.994(994)
THR	-3.3926304985744	98.406	0(0)	0.994(994)
THR	-3.31238601833	98.307	0(0)	0.993(993)
THR	-3.2321415380856	98.208	0(0)	0.992(992)
THR	-3.1518970578412	98.109	0(0)	0.991(991)
THR	-3.0716525775968	98.01	0(0)	0.99(990)
THR	-2.9914080973524	97.911	0(0)	0.989(989)
THR	-2.911163617108	97.911	0(0)	0.989(989)
THR	-2.8309191368636	97.416	0(0)	0.984(984)
THR	-2.7506746566192	97.119	0(0)	0.981(981)
THR	-2.6704301763748	97.119	0(0)	0.981(981)
THR	-2.5901856961304	96.723	0(0)	0.977(977)
THR	-2.509941215886	96.327	0(0)	0.973(973)
THR	-2.4296967356416	96.129	0(0)	0.971(971)
THR	-2.3494522553972	95.931	0(0)	0.969(969)
THR	-2.2692077751528	95.436	0(0)	0.964(964)
THR	-2.1889632949084	94.743	0(0)	0.957(957)
THR	-2.108718814664	94.05	0(0)	0.95(950)
THR	-2.0284743344196	93.06	0(0)	0.94(940)
THR	-1.9482298541752	92.367	0(0)	0.933(933)
THR	-1.8679853739308	91.278	0(0)	0.922(922)
THR	-1.7877408936864	89.595	0(0)	0.905(905)
THR	-1.707496413442	88.803	0(0)	0.897(897)
THR	-1.6272519331976	86.625	0(0)	0.875(875)
THR	-1.5470074529532	84.348	0(0)	0.852(852)
THR	-1.4667629727088	82.17	0(0)	0.83(830)
THR	-1.3865184924644	79.299	0(0)	0.801(801)
THR	-1.30627401222	76.923	0(0)	0.777(777)
THR	-1.2260295319756	73.458	0(0)	0.742(742)
THR	-1.1457850517312	70.389	0(0)	0.711(711)
THR	-1.0655405714868	65.835	0(0)	0.665(665)
THR	-0.985296091242401	62.172	0(0)	0.628(628)
THR	-0.905051610998001	57.222	0(0)	0.578(578)
THR	-0.824807130753601	52.47	0(0)	0.53(530)
THR	-0.744562650509201	47.124	0(0)	0.476(476)
THR	-0.664318170264801	41.58	0(0)	0.42(420)
THR	-0.584073690020401	36.234	0(0)	0.366(366)
THR	-0.503829209776001	28.611	0(0)	0.289(289)
THR	-0.423584729531601	24.655	0.004(1)	0.249(249)
THR	-0.343340249287201	20.497	0.004(1)	0.207(207)
THR	-0.263095769042801	16.339	0.004(1)	0.165(165)
THR	-0.182851288798401	13.175	0.008(2)	0.133(133)
THR	-0.102606808554001	9.116	0.008(2)	0.092(92)
THR	-0.0223623283096009	6.74	0.008(2)	0.068(68)
THR	0.0578821519347991	5.378	0.032(8)	0.054(54)
THR	0.138126632179199	3.818	0.056(14)	0.038(38)
THR	0.218371112423599	2.963	0.092(23)	0.029(29)
THR	0.298615592667999	2.326	0.148(37)	0.022(22)
THR	0.378860072912399	1.562	0.176(44)	0.014(14)
THR	0.459104553156799	1.171	0.28(70)	0.009(9)
THR	0.539349033401199	1.16	0.368(92)	0.008(8)
THR	0.619593513645599	0.848	0.452(113)	0.004(4)
THR	0.699837993889999	0.809	0.512(128)	0.003(3)
THR	0.780082474134399	0.79	0.592(148)	0.002(2)
THR	0.860326954378799	0.811	0.712(178)	0.001(1)
THR	0.940571434623199	0.883	0.784(196)	0.001(1)
THR	1.0208159148676	0.824	0.824(206)	0(0)
THR	1.101060395112	0.876	0.876(219)	0(0)
THR	1.1813048753564	0.896	0.896(224)	0(0)
THR	1.2615493556008	0.912	0.912(228)	0(0)
THR	1.3417938358452	0.92	0.92(230)	0(0)
THR	1.4220383160896	0.924	0.924(231)	0(0)
THR	1.502282796334	0.932	0.932(233)	0(0)
THR	1.5825272765784	0.944	0.944(236)	0(0)
THR	1.6627717568228	0.952	0.952(238)	0(0)
THR	1.7430162370672	0.956	0.956(239)	0(0)
THR	1.8232607173116	0.964	0.964(241)	0(0)
THR	1.903505197556	0.964	0.964(241)	0(0)
THR	1.9837496778004	0.964	0.964(241)	0(0)
THR	2.0639941580448	0.968	0.968(242)	0(0)
THR	2.1442386382892	0.976	0.976(244)	0(0)
THR	2.2244831185336	0.976	0.976(244)	0(0)
THR	2.304727598778	0.984	0.984(246)	0(0)
THR	2.3849720790224	0.988	0.988(247)	0(0)
THR	2.4652165592668	0.988	0.988(247)	0(0)
THR	2.5454610395112	0.992	0.992(248)	0(0)
THR	2.6257055197556	0.992	0.992(248)	0(0)
THR	2.70595	0.996	0.996(249)	0(0)
THR	2.7861944802444	1	1(250)	0(0)


==============================================
THR: 0.780082474134399
Missed:     148/250=0.5920
FalseAlarm: 2/1000=0.0020
----------------------------------------------
==> CostDetection: 79.0
==============================================
dom dic  8 16:11:26 CET 2019
