Coefs: 20
Num_Gauss: 13
sáb dic 7 23:22:57 CET 2019: classerr ---
nerr=6	ntot=342	error_rate=1.75%
sáb dic  7 23:22:57 CET 2019
sáb dic 7 23:24:15 CET 2019: verif_err ---
Threshold search:
THR	-6.58241522416	98.604	0(0)	0.996(996)
THR	-6.4301734719184	98.505	0(0)	0.995(995)
THR	-6.2779317196768	98.505	0(0)	0.995(995)
THR	-6.1256899674352	98.505	0(0)	0.995(995)
THR	-5.9734482151936	98.505	0(0)	0.995(995)
THR	-5.821206462952	98.505	0(0)	0.995(995)
THR	-5.6689647107104	98.505	0(0)	0.995(995)
THR	-5.5167229584688	98.406	0(0)	0.994(994)
THR	-5.3644812062272	98.406	0(0)	0.994(994)
THR	-5.2122394539856	98.307	0(0)	0.993(993)
THR	-5.059997701744	98.307	0(0)	0.993(993)
THR	-4.9077559495024	98.307	0(0)	0.993(993)
THR	-4.7555141972608	98.109	0(0)	0.991(991)
THR	-4.6032724450192	98.01	0(0)	0.99(990)
THR	-4.4510306927776	98.01	0(0)	0.99(990)
THR	-4.298788940536	97.812	0(0)	0.988(988)
THR	-4.1465471882944	97.218	0(0)	0.982(982)
THR	-3.9943054360528	96.723	0(0)	0.977(977)
THR	-3.8420636838112	96.327	0(0)	0.973(973)
THR	-3.6898219315696	95.733	0(0)	0.967(967)
THR	-3.537580179328	95.238	0(0)	0.962(962)
THR	-3.3853384270864	94.644	0(0)	0.956(956)
THR	-3.2330966748448	93.951	0(0)	0.949(949)
THR	-3.0808549226032	93.357	0(0)	0.943(943)
THR	-2.9286131703616	92.268	0(0)	0.932(932)
THR	-2.77637141812	90.882	0(0)	0.918(918)
THR	-2.6241296658784	89.298	0(0)	0.902(902)
THR	-2.4718879136368	87.714	0(0)	0.886(886)
THR	-2.3196461613952	87.021	0(0)	0.879(879)
THR	-2.1674044091536	85.635	0(0)	0.865(865)
THR	-2.015162656912	83.556	0(0)	0.844(844)
THR	-1.8629209046704	80.982	0(0)	0.818(818)
THR	-1.7106791524288	78.012	0(0)	0.788(788)
THR	-1.5584374001872	75.141	0(0)	0.759(759)
THR	-1.4061956479456	71.28	0(0)	0.72(720)
THR	-1.253953895704	66.924	0(0)	0.676(676)
THR	-1.1017121434624	61.677	0(0)	0.623(623)
THR	-0.949470391220802	55.935	0(0)	0.565(565)
THR	-0.797228638979202	48.015	0(0)	0.485(485)
THR	-0.644986886737602	39.897	0(0)	0.403(403)
THR	-0.492745134496002	32.868	0(0)	0.332(332)
THR	-0.340503382254402	24.651	0(0)	0.249(249)
THR	-0.188261630012802	18.117	0(0)	0.183(183)
THR	-0.0360198777712017	12.375	0(0)	0.125(125)
THR	0.116221874470398	7.326	0(0)	0.074(74)
THR	0.268463626711998	4.756	0.004(1)	0.048(48)
THR	0.420705378953598	2.887	0.016(4)	0.029(29)
THR	0.572947131195198	1.826	0.044(11)	0.018(18)
THR	0.725188883436798	1.173	0.084(21)	0.011(11)
THR	0.877430635678398	0.453	0.156(39)	0.003(3)
THR	1.02967238792	0.228	0.228(57)	0(0)
THR	1.1819141401616	0.336	0.336(84)	0(0)
THR	1.3341558924032	0.492	0.492(123)	0(0)
THR	1.4863976446448	0.604	0.604(151)	0(0)
THR	1.6386393968864	0.724	0.724(181)	0(0)
THR	1.790881149128	0.812	0.812(203)	0(0)
THR	1.9431229013696	0.872	0.872(218)	0(0)
THR	2.0953646536112	0.884	0.884(221)	0(0)
THR	2.2476064058528	0.896	0.896(224)	0(0)
THR	2.3998481580944	0.9	0.9(225)	0(0)
THR	2.552089910336	0.932	0.932(233)	0(0)
THR	2.7043316625776	0.94	0.94(235)	0(0)
THR	2.8565734148192	0.952	0.952(238)	0(0)
THR	3.0088151670608	0.956	0.956(239)	0(0)
THR	3.1610569193024	0.96	0.96(240)	0(0)
THR	3.313298671544	0.964	0.964(241)	0(0)
THR	3.4655404237856	0.968	0.968(242)	0(0)
THR	3.6177821760272	0.976	0.976(244)	0(0)
THR	3.7700239282688	0.976	0.976(244)	0(0)
THR	3.9222656805104	0.984	0.984(246)	0(0)
THR	4.074507432752	0.988	0.988(247)	0(0)
THR	4.2267491849936	0.988	0.988(247)	0(0)
THR	4.3789909372352	0.988	0.988(247)	0(0)
THR	4.5312326894768	0.988	0.988(247)	0(0)
THR	4.6834744417184	0.988	0.988(247)	0(0)
THR	4.83571619396	0.988	0.988(247)	0(0)
THR	4.9879579462016	0.988	0.988(247)	0(0)
THR	5.1401996984432	0.988	0.988(247)	0(0)
THR	5.2924414506848	0.988	0.988(247)	0(0)
THR	5.4446832029264	0.988	0.988(247)	0(0)
THR	5.596924955168	0.988	0.988(247)	0(0)
THR	5.7491667074096	0.988	0.988(247)	0(0)
THR	5.9014084596512	0.988	0.988(247)	0(0)
THR	6.0536502118928	0.988	0.988(247)	0(0)
THR	6.2058919641344	0.992	0.992(248)	0(0)
THR	6.358133716376	0.992	0.992(248)	0(0)
THR	6.5103754686176	0.992	0.992(248)	0(0)
THR	6.6626172208592	0.992	0.992(248)	0(0)
THR	6.8148589731008	0.992	0.992(248)	0(0)
THR	6.9671007253424	0.992	0.992(248)	0(0)
THR	7.119342477584	0.996	0.996(249)	0(0)
THR	7.27158422982559	0.996	0.996(249)	0(0)
THR	7.42382598206719	0.996	0.996(249)	0(0)
THR	7.57606773430879	0.996	0.996(249)	0(0)
THR	7.72830948655039	0.996	0.996(249)	0(0)
THR	7.88055123879199	0.996	0.996(249)	0(0)
THR	8.03279299103359	0.996	0.996(249)	0(0)
THR	8.18503474327519	0.996	0.996(249)	0(0)
THR	8.33727649551679	0.996	0.996(249)	0(0)
THR	8.4895182477584	0.996	0.996(249)	0(0)
THR	8.64176	0.996	0.996(249)	0(0)
THR	8.7940017522416	1	1(250)	0(0)


==============================================
THR: 1.02967238792
Missed:     57/250=0.2280
FalseAlarm: 0/1000=0.0000
----------------------------------------------
==> CostDetection: 22.8
==============================================
sáb dic  7 23:24:15 CET 2019
Num_Gauss: 14
sáb dic 7 23:27:28 CET 2019: classerr ---
nerr=4	ntot=342	error_rate=1.17%
sáb dic  7 23:27:28 CET 2019
sáb dic 7 23:28:38 CET 2019: verif_err ---
Threshold search:
THR	-6.53528445866	98.604	0(0)	0.996(996)
THR	-6.3906977140734	98.505	0(0)	0.995(995)
THR	-6.2461109694868	98.505	0(0)	0.995(995)
THR	-6.1015242249002	98.505	0(0)	0.995(995)
THR	-5.9569374803136	98.505	0(0)	0.995(995)
THR	-5.812350735727	98.505	0(0)	0.995(995)
THR	-5.6677639911404	98.406	0(0)	0.994(994)
THR	-5.5231772465538	98.406	0(0)	0.994(994)
THR	-5.3785905019672	98.307	0(0)	0.993(993)
THR	-5.2340037573806	98.307	0(0)	0.993(993)
THR	-5.089417012794	98.208	0(0)	0.992(992)
THR	-4.9448302682074	98.208	0(0)	0.992(992)
THR	-4.8002435236208	98.109	0(0)	0.991(991)
THR	-4.6556567790342	98.109	0(0)	0.991(991)
THR	-4.5110700344476	97.911	0(0)	0.989(989)
THR	-4.366483289861	97.812	0(0)	0.988(988)
THR	-4.2218965452744	97.119	0(0)	0.981(981)
THR	-4.0773098006878	96.723	0(0)	0.977(977)
THR	-3.9327230561012	96.327	0(0)	0.973(973)
THR	-3.7881363115146	95.931	0(0)	0.969(969)
THR	-3.643549566928	95.04	0(0)	0.96(960)
THR	-3.4989628223414	94.743	0(0)	0.957(957)
THR	-3.3543760777548	93.951	0(0)	0.949(949)
THR	-3.2097893331682	93.555	0(0)	0.945(945)
THR	-3.0652025885816	92.763	0(0)	0.937(937)
THR	-2.920615843995	91.773	0(0)	0.927(927)
THR	-2.7760290994084	90.387	0(0)	0.913(913)
THR	-2.6314423548218	88.902	0(0)	0.898(898)
THR	-2.4868556102352	87.813	0(0)	0.887(887)
THR	-2.34226886564861	86.625	0(0)	0.875(875)
THR	-2.19768212106201	84.744	0(0)	0.856(856)
THR	-2.05309537647541	82.863	0(0)	0.837(837)
THR	-1.90850863188881	80.784	0(0)	0.816(816)
THR	-1.76392188730221	78.012	0(0)	0.788(788)
THR	-1.61933514271561	74.646	0(0)	0.754(754)
THR	-1.47474839812901	70.686	0(0)	0.714(714)
THR	-1.33016165354241	67.617	0(0)	0.683(683)
THR	-1.18557490895581	62.568	0(0)	0.632(632)
THR	-1.04098816436921	57.321	0(0)	0.579(579)
THR	-0.896401419782605	50.094	0(0)	0.506(506)
THR	-0.751814675196005	42.966	0(0)	0.434(434)
THR	-0.607227930609405	36.135	0(0)	0.365(365)
THR	-0.462641186022805	28.116	0(0)	0.284(284)
THR	-0.318054441436205	20.988	0(0)	0.212(212)
THR	-0.173467696849605	15.345	0(0)	0.155(155)
THR	-0.0288809522630051	10.692	0(0)	0.108(108)
THR	0.115705792323595	7.128	0(0)	0.072(72)
THR	0.260292536910195	4.657	0.004(1)	0.047(47)
THR	0.404879281496795	2.982	0.012(3)	0.03(30)
THR	0.549466026083395	1.814	0.032(8)	0.018(18)
THR	0.694052770669995	1.054	0.064(16)	0.01(10)
THR	0.838639515256595	0.314	0.116(29)	0.002(2)
THR	0.983226259843195	0.2	0.2(50)	0(0)
THR	1.12781300442979	0.304	0.304(76)	0(0)
THR	1.27239974901639	0.432	0.432(108)	0(0)
THR	1.416986493603	0.56	0.56(140)	0(0)
THR	1.5615732381896	0.664	0.664(166)	0(0)
THR	1.7061599827762	0.764	0.764(191)	0(0)
THR	1.8507467273628	0.848	0.848(212)	0(0)
THR	1.9953334719494	0.88	0.88(220)	0(0)
THR	2.13992021653599	0.884	0.884(221)	0(0)
THR	2.28450696112259	0.896	0.896(224)	0(0)
THR	2.42909370570919	0.912	0.912(228)	0(0)
THR	2.57368045029579	0.924	0.924(231)	0(0)
THR	2.71826719488239	0.94	0.94(235)	0(0)
THR	2.86285393946899	0.952	0.952(238)	0(0)
THR	3.00744068405559	0.952	0.952(238)	0(0)
THR	3.15202742864219	0.96	0.96(240)	0(0)
THR	3.29661417322879	0.96	0.96(240)	0(0)
THR	3.44120091781539	0.968	0.968(242)	0(0)
THR	3.58578766240199	0.968	0.968(242)	0(0)
THR	3.73037440698859	0.976	0.976(244)	0(0)
THR	3.87496115157519	0.984	0.984(246)	0(0)
THR	4.01954789616179	0.988	0.988(247)	0(0)
THR	4.16413464074839	0.988	0.988(247)	0(0)
THR	4.30872138533499	0.988	0.988(247)	0(0)
THR	4.45330812992159	0.988	0.988(247)	0(0)
THR	4.59789487450819	0.988	0.988(247)	0(0)
THR	4.74248161909479	0.988	0.988(247)	0(0)
THR	4.88706836368139	0.988	0.988(247)	0(0)
THR	5.03165510826799	0.988	0.988(247)	0(0)
THR	5.17624185285459	0.988	0.988(247)	0(0)
THR	5.32082859744119	0.988	0.988(247)	0(0)
THR	5.46541534202779	0.988	0.988(247)	0(0)
THR	5.61000208661439	0.988	0.988(247)	0(0)
THR	5.75458883120099	0.992	0.992(248)	0(0)
THR	5.89917557578759	0.992	0.992(248)	0(0)
THR	6.04376232037419	0.992	0.992(248)	0(0)
THR	6.18834906496079	0.992	0.992(248)	0(0)
THR	6.33293580954739	0.996	0.996(249)	0(0)
THR	6.47752255413399	0.996	0.996(249)	0(0)
THR	6.62210929872059	0.996	0.996(249)	0(0)
THR	6.76669604330719	0.996	0.996(249)	0(0)
THR	6.91128278789379	0.996	0.996(249)	0(0)
THR	7.05586953248039	0.996	0.996(249)	0(0)
THR	7.20045627706699	0.996	0.996(249)	0(0)
THR	7.34504302165359	0.996	0.996(249)	0(0)
THR	7.48962976624019	0.996	0.996(249)	0(0)
THR	7.63421651082679	0.996	0.996(249)	0(0)
THR	7.77880325541339	0.996	0.996(249)	0(0)
THR	7.92338999999999	0.996	0.996(249)	0(0)
THR	8.06797674458659	1	1(250)	0(0)


==============================================
THR: 0.983226259843195
Missed:     50/250=0.2000
FalseAlarm: 0/1000=0.0000
----------------------------------------------
==> CostDetection: 20.0
==============================================
sáb dic  7 23:28:38 CET 2019
Num_Gauss: 15
sáb dic 7 23:32:09 CET 2019: classerr ---
nerr=5	ntot=342	error_rate=1.46%
sáb dic  7 23:32:09 CET 2019
sáb dic 7 23:33:30 CET 2019: verif_err ---
Threshold search:
THR	-6.43622539548	98.604	0(0)	0.996(996)
THR	-6.2822704415252	98.505	0(0)	0.995(995)
THR	-6.1283154875704	98.505	0(0)	0.995(995)
THR	-5.9743605336156	98.505	0(0)	0.995(995)
THR	-5.8204055796608	98.406	0(0)	0.994(994)
THR	-5.666450625706	98.406	0(0)	0.994(994)
THR	-5.5124956717512	98.406	0(0)	0.994(994)
THR	-5.3585407177964	98.208	0(0)	0.992(992)
THR	-5.2045857638416	98.109	0(0)	0.991(991)
THR	-5.0506308098868	97.911	0(0)	0.989(989)
THR	-4.896675855932	97.713	0(0)	0.987(987)
THR	-4.7427209019772	97.614	0(0)	0.986(986)
THR	-4.5887659480224	97.614	0(0)	0.986(986)
THR	-4.4348109940676	97.515	0(0)	0.985(985)
THR	-4.2808560401128	96.921	0(0)	0.979(979)
THR	-4.126901086158	96.525	0(0)	0.975(975)
THR	-3.9729461322032	96.129	0(0)	0.971(971)
THR	-3.8189911782484	95.535	0(0)	0.965(965)
THR	-3.6650362242936	94.941	0(0)	0.959(959)
THR	-3.5110812703388	94.446	0(0)	0.954(954)
THR	-3.357126316384	93.753	0(0)	0.947(947)
THR	-3.2031713624292	92.862	0(0)	0.938(938)
THR	-3.0492164084744	91.872	0(0)	0.928(928)
THR	-2.8952614545196	90.09	0(0)	0.91(910)
THR	-2.7413065005648	89.1	0(0)	0.9(900)
THR	-2.58735154661	87.912	0(0)	0.888(888)
THR	-2.4333965926552	85.932	0(0)	0.868(868)
THR	-2.2794416387004	85.041	0(0)	0.859(859)
THR	-2.12548668474559	83.16	0(0)	0.84(840)
THR	-1.97153173079079	81.081	0(0)	0.819(819)
THR	-1.81757677683599	78.309	0(0)	0.791(791)
THR	-1.66362182288119	75.834	0(0)	0.766(766)
THR	-1.5096668689264	72.171	0(0)	0.729(729)
THR	-1.3557119149716	68.607	0(0)	0.693(693)
THR	-1.2017569610168	63.756	0(0)	0.644(644)
THR	-1.047802007062	57.717	0(0)	0.583(583)
THR	-0.893847053107195	49.995	0(0)	0.505(505)
THR	-0.739892099152395	42.57	0(0)	0.43(430)
THR	-0.585937145197595	34.848	0(0)	0.352(352)
THR	-0.431982191242795	27.423	0(0)	0.277(277)
THR	-0.278027237287995	20.097	0(0)	0.203(203)
THR	-0.124072283333195	13.266	0(0)	0.134(134)
THR	0.0298826706216049	9.405	0(0)	0.095(95)
THR	0.183837624576405	5.742	0(0)	0.058(58)
THR	0.337792578531205	3.37	0.004(1)	0.034(34)
THR	0.491747532486005	2.099	0.02(5)	0.021(21)
THR	0.645702486440805	1.141	0.052(13)	0.011(11)
THR	0.799657440395605	0.492	0.096(24)	0.004(4)
THR	0.953612394350405	0.477	0.18(45)	0.003(3)
THR	1.1075673483052	0.561	0.264(66)	0.003(3)
THR	1.26152230226	0.503	0.404(101)	0.001(1)
THR	1.4154772562148	0.54	0.54(135)	0(0)
THR	1.5694322101696	0.672	0.672(168)	0(0)
THR	1.7233871641244	0.776	0.776(194)	0(0)
THR	1.8773421180792	0.832	0.832(208)	0(0)
THR	2.031297072034	0.872	0.872(218)	0(0)
THR	2.18525202598881	0.88	0.88(220)	0(0)
THR	2.33920697994361	0.892	0.892(223)	0(0)
THR	2.49316193389841	0.912	0.912(228)	0(0)
THR	2.64711688785321	0.924	0.924(231)	0(0)
THR	2.80107184180801	0.936	0.936(234)	0(0)
THR	2.95502679576281	0.944	0.944(236)	0(0)
THR	3.10898174971761	0.956	0.956(239)	0(0)
THR	3.26293670367241	0.96	0.96(240)	0(0)
THR	3.41689165762721	0.964	0.964(241)	0(0)
THR	3.57084661158201	0.968	0.968(242)	0(0)
THR	3.72480156553681	0.972	0.972(243)	0(0)
THR	3.87875651949161	0.976	0.976(244)	0(0)
THR	4.03271147344641	0.984	0.984(246)	0(0)
THR	4.18666642740121	0.988	0.988(247)	0(0)
THR	4.34062138135601	0.988	0.988(247)	0(0)
THR	4.49457633531081	0.988	0.988(247)	0(0)
THR	4.64853128926561	0.988	0.988(247)	0(0)
THR	4.80248624322041	0.988	0.988(247)	0(0)
THR	4.95644119717521	0.988	0.988(247)	0(0)
THR	5.11039615113001	0.988	0.988(247)	0(0)
THR	5.26435110508481	0.988	0.988(247)	0(0)
THR	5.41830605903961	0.988	0.988(247)	0(0)
THR	5.57226101299441	0.988	0.988(247)	0(0)
THR	5.72621596694921	0.988	0.988(247)	0(0)
THR	5.88017092090401	0.988	0.988(247)	0(0)
THR	6.03412587485881	0.988	0.988(247)	0(0)
THR	6.18808082881361	0.988	0.988(247)	0(0)
THR	6.34203578276841	0.988	0.988(247)	0(0)
THR	6.49599073672321	0.988	0.988(247)	0(0)
THR	6.64994569067801	0.992	0.992(248)	0(0)
THR	6.80390064463281	0.992	0.992(248)	0(0)
THR	6.95785559858761	0.992	0.992(248)	0(0)
THR	7.11181055254241	0.996	0.996(249)	0(0)
THR	7.26576550649721	0.996	0.996(249)	0(0)
THR	7.41972046045201	0.996	0.996(249)	0(0)
THR	7.57367541440681	0.996	0.996(249)	0(0)
THR	7.72763036836161	0.996	0.996(249)	0(0)
THR	7.88158532231641	0.996	0.996(249)	0(0)
THR	8.03554027627121	0.996	0.996(249)	0(0)
THR	8.18949523022601	0.996	0.996(249)	0(0)
THR	8.34345018418081	0.996	0.996(249)	0(0)
THR	8.49740513813561	0.996	0.996(249)	0(0)
THR	8.65136009209041	0.996	0.996(249)	0(0)
THR	8.80531504604521	0.996	0.996(249)	0(0)
THR	8.95927000000001	1	1(250)	0(0)


==============================================
THR: 0.953612394350405
Missed:     45/250=0.1800
FalseAlarm: 3/1000=0.0030
----------------------------------------------
==> CostDetection: 47.7
==============================================
sáb dic  7 23:33:30 CET 2019
Num_Gauss: 16
sáb dic 7 23:37:11 CET 2019: classerr ---
nerr=5	ntot=342	error_rate=1.46%
sáb dic  7 23:37:11 CET 2019
sáb dic 7 23:38:49 CET 2019: verif_err ---
Threshold search:
THR	-6.43765542754	98.604	0(0)	0.996(996)
THR	-6.2833798732646	98.505	0(0)	0.995(995)
THR	-6.1291043189892	98.505	0(0)	0.995(995)
THR	-5.9748287647138	98.505	0(0)	0.995(995)
THR	-5.8205532104384	98.505	0(0)	0.995(995)
THR	-5.666277656163	98.307	0(0)	0.993(993)
THR	-5.5120021018876	98.307	0(0)	0.993(993)
THR	-5.3577265476122	98.307	0(0)	0.993(993)
THR	-5.2034509933368	98.208	0(0)	0.992(992)
THR	-5.0491754390614	98.01	0(0)	0.99(990)
THR	-4.894899884786	97.812	0(0)	0.988(988)
THR	-4.7406243305106	97.812	0(0)	0.988(988)
THR	-4.5863487762352	97.713	0(0)	0.987(987)
THR	-4.4320732219598	97.614	0(0)	0.986(986)
THR	-4.2777976676844	97.218	0(0)	0.982(982)
THR	-4.123522113409	96.624	0(0)	0.976(976)
THR	-3.9692465591336	96.228	0(0)	0.972(972)
THR	-3.8149710048582	95.931	0(0)	0.969(969)
THR	-3.6606954505828	95.436	0(0)	0.964(964)
THR	-3.5064198963074	94.743	0(0)	0.957(957)
THR	-3.352144342032	94.149	0(0)	0.951(951)
THR	-3.1978687877566	93.159	0(0)	0.941(941)
THR	-3.0435932334812	91.971	0(0)	0.929(929)
THR	-2.8893176792058	90.486	0(0)	0.914(914)
THR	-2.7350421249304	89.199	0(0)	0.901(901)
THR	-2.580766570655	87.714	0(0)	0.886(886)
THR	-2.4264910163796	86.13	0(0)	0.87(870)
THR	-2.2722154621042	85.041	0(0)	0.859(859)
THR	-2.1179399078288	82.863	0(0)	0.837(837)
THR	-1.9636643535534	80.982	0(0)	0.818(818)
THR	-1.809388799278	78.903	0(0)	0.797(797)
THR	-1.6551132450026	75.141	0(0)	0.759(759)
THR	-1.5008376907272	71.874	0(0)	0.726(726)
THR	-1.3465621364518	68.211	0(0)	0.689(689)
THR	-1.1922865821764	62.964	0(0)	0.636(636)
THR	-1.038011027901	56.331	0(0)	0.569(569)
THR	-0.883735473625602	49.005	0(0)	0.495(495)
THR	-0.729459919350202	40.689	0(0)	0.411(411)
THR	-0.575184365074802	33.264	0(0)	0.336(336)
THR	-0.420908810799402	25.245	0(0)	0.255(255)
THR	-0.266633256524002	19.404	0(0)	0.196(196)
THR	-0.112357702248602	13.365	0(0)	0.135(135)
THR	0.0419178520267983	9.207	0(0)	0.093(93)
THR	0.196193406302198	5.647	0.004(1)	0.057(57)
THR	0.350468960577598	3.37	0.004(1)	0.034(34)
THR	0.504744514852998	1.707	0.024(6)	0.017(17)
THR	0.659020069128398	1.137	0.048(12)	0.011(11)
THR	0.813295623403798	0.599	0.104(26)	0.005(5)
THR	0.967571177679198	0.572	0.176(44)	0.004(4)
THR	1.1218467319546	0.363	0.264(66)	0.001(1)
THR	1.27612228623	0.531	0.432(108)	0.001(1)
THR	1.4303978405054	0.532	0.532(133)	0(0)
THR	1.5846733947808	0.66	0.66(165)	0(0)
THR	1.7389489490562	0.748	0.748(187)	0(0)
THR	1.8932245033316	0.832	0.832(208)	0(0)
THR	2.047500057607	0.876	0.876(219)	0(0)
THR	2.2017756118824	0.884	0.884(221)	0(0)
THR	2.3560511661578	0.896	0.896(224)	0(0)
THR	2.5103267204332	0.912	0.912(228)	0(0)
THR	2.6646022747086	0.924	0.924(231)	0(0)
THR	2.818877828984	0.936	0.936(234)	0(0)
THR	2.9731533832594	0.948	0.948(237)	0(0)
THR	3.1274289375348	0.956	0.956(239)	0(0)
THR	3.2817044918102	0.96	0.96(240)	0(0)
THR	3.4359800460856	0.96	0.96(240)	0(0)
THR	3.590255600361	0.972	0.972(243)	0(0)
THR	3.7445311546364	0.972	0.972(243)	0(0)
THR	3.8988067089118	0.976	0.976(244)	0(0)
THR	4.0530822631872	0.98	0.98(245)	0(0)
THR	4.2073578174626	0.988	0.988(247)	0(0)
THR	4.361633371738	0.988	0.988(247)	0(0)
THR	4.5159089260134	0.988	0.988(247)	0(0)
THR	4.6701844802888	0.988	0.988(247)	0(0)
THR	4.8244600345642	0.988	0.988(247)	0(0)
THR	4.9787355888396	0.988	0.988(247)	0(0)
THR	5.133011143115	0.988	0.988(247)	0(0)
THR	5.2872866973904	0.988	0.988(247)	0(0)
THR	5.4415622516658	0.988	0.988(247)	0(0)
THR	5.5958378059412	0.988	0.988(247)	0(0)
THR	5.7501133602166	0.988	0.988(247)	0(0)
THR	5.904388914492	0.988	0.988(247)	0(0)
THR	6.0586644687674	0.988	0.988(247)	0(0)
THR	6.2129400230428	0.988	0.988(247)	0(0)
THR	6.3672155773182	0.988	0.988(247)	0(0)
THR	6.5214911315936	0.988	0.988(247)	0(0)
THR	6.675766685869	0.992	0.992(248)	0(0)
THR	6.8300422401444	0.992	0.992(248)	0(0)
THR	6.9843177944198	0.992	0.992(248)	0(0)
THR	7.1385933486952	0.996	0.996(249)	0(0)
THR	7.2928689029706	0.996	0.996(249)	0(0)
THR	7.447144457246	0.996	0.996(249)	0(0)
THR	7.6014200115214	0.996	0.996(249)	0(0)
THR	7.7556955657968	0.996	0.996(249)	0(0)
THR	7.9099711200722	0.996	0.996(249)	0(0)
THR	8.0642466743476	0.996	0.996(249)	0(0)
THR	8.218522228623	0.996	0.996(249)	0(0)
THR	8.3727977828984	0.996	0.996(249)	0(0)
THR	8.5270733371738	0.996	0.996(249)	0(0)
THR	8.6813488914492	0.996	0.996(249)	0(0)
THR	8.8356244457246	0.996	0.996(249)	0(0)
THR	8.9899	1	1(250)	0(0)


==============================================
THR: 1.1218467319546
Missed:     66/250=0.2640
FalseAlarm: 1/1000=0.0010
----------------------------------------------
==> CostDetection: 36.3
==============================================
sáb dic  7 23:38:49 CET 2019
Num_Gauss: 17
sáb dic 7 23:42:55 CET 2019: classerr ---
nerr=4	ntot=342	error_rate=1.17%
sáb dic  7 23:42:55 CET 2019
sáb dic 7 23:44:40 CET 2019: verif_err ---
Threshold search:
THR	-6.41751559031	98.604	0(0)	0.996(996)
THR	-6.2616123344069	98.505	0(0)	0.995(995)
THR	-6.1057090785038	98.505	0(0)	0.995(995)
THR	-5.9498058226007	98.505	0(0)	0.995(995)
THR	-5.7939025666976	98.406	0(0)	0.994(994)
THR	-5.6379993107945	98.307	0(0)	0.993(993)
THR	-5.4820960548914	98.307	0(0)	0.993(993)
THR	-5.3261927989883	98.208	0(0)	0.992(992)
THR	-5.1702895430852	98.109	0(0)	0.991(991)
THR	-5.0143862871821	97.911	0(0)	0.989(989)
THR	-4.858483031279	97.812	0(0)	0.988(988)
THR	-4.7025797753759	97.713	0(0)	0.987(987)
THR	-4.5466765194728	97.713	0(0)	0.987(987)
THR	-4.3907732635697	97.416	0(0)	0.984(984)
THR	-4.2348700076666	97.119	0(0)	0.981(981)
THR	-4.0789667517635	96.822	0(0)	0.978(978)
THR	-3.9230634958604	96.03	0(0)	0.97(970)
THR	-3.7671602399573	95.436	0(0)	0.964(964)
THR	-3.6112569840542	95.139	0(0)	0.961(961)
THR	-3.4553537281511	94.347	0(0)	0.953(953)
THR	-3.299450472248	93.654	0(0)	0.946(946)
THR	-3.1435472163449	92.466	0(0)	0.934(934)
THR	-2.9876439604418	90.981	0(0)	0.919(919)
THR	-2.8317407045387	89.496	0(0)	0.904(904)
THR	-2.6758374486356	88.605	0(0)	0.895(895)
THR	-2.5199341927325	87.12	0(0)	0.88(880)
THR	-2.3640309368294	85.338	0(0)	0.862(862)
THR	-2.2081276809263	84.051	0(0)	0.849(849)
THR	-2.0522244250232	81.675	0(0)	0.825(825)
THR	-1.8963211691201	79.497	0(0)	0.803(803)
THR	-1.740417913217	76.131	0(0)	0.769(769)
THR	-1.5845146573139	73.557	0(0)	0.743(743)
THR	-1.4286114014108	68.706	0(0)	0.694(694)
THR	-1.2727081455077	64.647	0(0)	0.653(653)
THR	-1.1168048896046	57.915	0(0)	0.585(585)
THR	-0.960901633701502	51.48	0(0)	0.52(520)
THR	-0.804998377798402	43.758	0(0)	0.442(442)
THR	-0.649095121895302	35.541	0(0)	0.359(359)
THR	-0.493191865992202	27.72	0(0)	0.28(280)
THR	-0.337288610089102	19.602	0(0)	0.198(198)
THR	-0.181385354186002	14.553	0(0)	0.147(147)
THR	-0.0254820982829022	9.9	0(0)	0.1(100)
THR	0.130421157620198	6.237	0(0)	0.063(63)
THR	0.286324413523298	3.671	0.008(2)	0.037(37)
THR	0.442227669426398	2.495	0.02(5)	0.025(25)
THR	0.598130925329498	1.628	0.044(11)	0.016(16)
THR	0.754034181232598	0.678	0.084(21)	0.006(6)
THR	0.909937437135698	0.544	0.148(37)	0.004(4)
THR	1.0658406930388	0.351	0.252(63)	0.001(1)
THR	1.2217439489419	0.392	0.392(98)	0(0)
THR	1.377647204845	0.488	0.488(122)	0(0)
THR	1.5335504607481	0.624	0.624(156)	0(0)
THR	1.6894537166512	0.74	0.74(185)	0(0)
THR	1.8453569725543	0.816	0.816(204)	0(0)
THR	2.0012602284574	0.864	0.864(216)	0(0)
THR	2.1571634843605	0.88	0.88(220)	0(0)
THR	2.3130667402636	0.892	0.892(223)	0(0)
THR	2.4689699961667	0.904	0.904(226)	0(0)
THR	2.6248732520698	0.924	0.924(231)	0(0)
THR	2.7807765079729	0.932	0.932(233)	0(0)
THR	2.936679763876	0.944	0.944(236)	0(0)
THR	3.0925830197791	0.948	0.948(237)	0(0)
THR	3.2484862756822	0.952	0.952(238)	0(0)
THR	3.4043895315853	0.952	0.952(238)	0(0)
THR	3.5602927874884	0.968	0.968(242)	0(0)
THR	3.7161960433915	0.968	0.968(242)	0(0)
THR	3.8720992992946	0.972	0.972(243)	0(0)
THR	4.0280025551977	0.98	0.98(245)	0(0)
THR	4.1839058111008	0.98	0.98(245)	0(0)
THR	4.3398090670039	0.984	0.984(246)	0(0)
THR	4.495712322907	0.984	0.984(246)	0(0)
THR	4.6516155788101	0.984	0.984(246)	0(0)
THR	4.8075188347132	0.988	0.988(247)	0(0)
THR	4.9634220906163	0.988	0.988(247)	0(0)
THR	5.1193253465194	0.988	0.988(247)	0(0)
THR	5.2752286024225	0.988	0.988(247)	0(0)
THR	5.4311318583256	0.988	0.988(247)	0(0)
THR	5.5870351142287	0.988	0.988(247)	0(0)
THR	5.7429383701318	0.988	0.988(247)	0(0)
THR	5.8988416260349	0.988	0.988(247)	0(0)
THR	6.054744881938	0.988	0.988(247)	0(0)
THR	6.2106481378411	0.988	0.988(247)	0(0)
THR	6.3665513937442	0.992	0.992(248)	0(0)
THR	6.5224546496473	0.992	0.992(248)	0(0)
THR	6.6783579055504	0.992	0.992(248)	0(0)
THR	6.8342611614535	0.992	0.992(248)	0(0)
THR	6.9901644173566	0.992	0.992(248)	0(0)
THR	7.1460676732597	0.992	0.992(248)	0(0)
THR	7.3019709291628	0.996	0.996(249)	0(0)
THR	7.4578741850659	0.996	0.996(249)	0(0)
THR	7.613777440969	0.996	0.996(249)	0(0)
THR	7.7696806968721	0.996	0.996(249)	0(0)
THR	7.9255839527752	0.996	0.996(249)	0(0)
THR	8.0814872086783	0.996	0.996(249)	0(0)
THR	8.2373904645814	0.996	0.996(249)	0(0)
THR	8.3932937204845	0.996	0.996(249)	0(0)
THR	8.5491969763876	0.996	0.996(249)	0(0)
THR	8.7051002322907	0.996	0.996(249)	0(0)
THR	8.8610034881938	0.996	0.996(249)	0(0)
THR	9.0169067440969	0.996	0.996(249)	0(0)
THR	9.17281	0.996	0.996(249)	0(0)
THR	9.3287132559031	1	1(250)	0(0)


==============================================
THR: 1.0658406930388
Missed:     63/250=0.2520
FalseAlarm: 1/1000=0.0010
----------------------------------------------
==> CostDetection: 35.1
==============================================
sáb dic  7 23:44:40 CET 2019
Num_Gausss: 28
sáb dic 7 23:51:24 CET 2019: classerr ---
nerr=3	ntot=342	error_rates=0.88%
sáb dic  7 23:51:24 CET 2019
sáb dic 7 23:54:02 CET 2019: verif_err ---
Threshold search:
THR	-6.93934598559	98.604	0(0)	0.996(996)
THR	-6.7794899257341	98.505	0(0)	0.995(995)
THR	-6.6196338658782	98.505	0(0)	0.995(995)
THR	-6.4597778060223	98.505	0(0)	0.995(995)
THR	-6.2999217461664	98.505	0(0)	0.995(995)
THR	-6.1400656863105	98.505	0(0)	0.995(995)
THR	-5.9802096264546	98.406	0(0)	0.994(994)
THR	-5.8203535665987	98.208	0(0)	0.992(992)
THR	-5.6604975067428	98.109	0(0)	0.991(991)
THR	-5.5006414468869	98.109	0(0)	0.991(991)
THR	-5.340785387031	97.911	0(0)	0.989(989)
THR	-5.1809293271751	97.812	0(0)	0.988(988)
THR	-5.0210732673192	97.713	0(0)	0.987(987)
THR	-4.8612172074633	97.614	0(0)	0.986(986)
THR	-4.7013611476074	97.317	0(0)	0.983(983)
THR	-4.5415050877515	96.624	0(0)	0.976(976)
THR	-4.3816490278956	96.228	0(0)	0.972(972)
THR	-4.2217929680397	95.733	0(0)	0.967(967)
THR	-4.0619369081838	95.238	0(0)	0.962(962)
THR	-3.9020808483279	94.347	0(0)	0.953(953)
THR	-3.742224788472	93.951	0(0)	0.949(949)
THR	-3.5823687286161	93.555	0(0)	0.945(945)
THR	-3.42251266876019	91.773	0(0)	0.927(927)
THR	-3.26265660890429	90.882	0(0)	0.918(918)
THR	-3.10280054904839	89.793	0(0)	0.907(907)
THR	-2.94294448919249	88.605	0(0)	0.895(895)
THR	-2.78308842933659	87.417	0(0)	0.883(883)
THR	-2.62323236948069	85.833	0(0)	0.867(867)
THR	-2.46337630962479	84.249	0(0)	0.851(851)
THR	-2.30352024976889	81.873	0(0)	0.827(827)
THR	-2.14366418991299	79.497	0(0)	0.803(803)
THR	-1.98380813005709	76.329	0(0)	0.771(771)
THR	-1.82395207020119	72.369	0(0)	0.731(731)
THR	-1.66409601034529	67.32	0(0)	0.68(680)
THR	-1.50423995048939	62.172	0(0)	0.628(628)
THR	-1.34438389063349	57.123	0(0)	0.577(577)
THR	-1.18452783077759	50.688	0(0)	0.512(512)
THR	-1.02467177092169	44.649	0(0)	0.451(451)
THR	-0.864815711065793	37.224	0(0)	0.376(376)
THR	-0.704959651209893	28.809	0(0)	0.291(291)
THR	-0.545103591353993	21.879	0(0)	0.221(221)
THR	-0.385247531498093	13.86	0(0)	0.14(140)
THR	-0.225391471642193	9.801	0(0)	0.099(99)
THR	-0.065535411786293	5.449	0.004(1)	0.055(55)
THR	0.094320648069607	3.374	0.008(2)	0.034(34)
THR	0.254176707925507	2.19	0.012(3)	0.022(22)
THR	0.414032767781407	1.505	0.02(5)	0.015(15)
THR	0.573888827637307	0.931	0.04(10)	0.009(9)
THR	0.733744887493207	0.579	0.084(21)	0.005(5)
THR	0.893600947349107	0.346	0.148(37)	0.002(2)
THR	1.05345700720501	0.343	0.244(61)	0.001(1)
THR	1.21331306706091	0.396	0.396(99)	0(0)
THR	1.37316912691681	0.552	0.552(138)	0(0)
THR	1.53302518677271	0.652	0.652(163)	0(0)
THR	1.69288124662861	0.752	0.752(188)	0(0)
THR	1.85273730648451	0.816	0.816(204)	0(0)
THR	2.01259336634041	0.86	0.86(215)	0(0)
THR	2.17244942619631	0.892	0.892(223)	0(0)
THR	2.33230548605221	0.9	0.9(225)	0(0)
THR	2.49216154590811	0.912	0.912(228)	0(0)
THR	2.65201760576401	0.92	0.92(230)	0(0)
THR	2.81187366561991	0.928	0.928(232)	0(0)
THR	2.97172972547581	0.94	0.94(235)	0(0)
THR	3.13158578533171	0.948	0.948(237)	0(0)
THR	3.29144184518761	0.952	0.952(238)	0(0)
THR	3.45129790504351	0.956	0.956(239)	0(0)
THR	3.61115396489941	0.964	0.964(241)	0(0)
THR	3.77101002475531	0.968	0.968(242)	0(0)
THR	3.93086608461121	0.972	0.972(243)	0(0)
THR	4.09072214446711	0.98	0.98(245)	0(0)
THR	4.25057820432301	0.98	0.98(245)	0(0)
THR	4.41043426417891	0.984	0.984(246)	0(0)
THR	4.57029032403481	0.984	0.984(246)	0(0)
THR	4.73014638389071	0.984	0.984(246)	0(0)
THR	4.89000244374661	0.984	0.984(246)	0(0)
THR	5.04985850360251	0.984	0.984(246)	0(0)
THR	5.20971456345841	0.988	0.988(247)	0(0)
THR	5.36957062331431	0.988	0.988(247)	0(0)
THR	5.52942668317021	0.988	0.988(247)	0(0)
THR	5.68928274302611	0.988	0.988(247)	0(0)
THR	5.84913880288201	0.988	0.988(247)	0(0)
THR	6.00899486273791	0.988	0.988(247)	0(0)
THR	6.16885092259381	0.988	0.988(247)	0(0)
THR	6.32870698244971	0.988	0.988(247)	0(0)
THR	6.48856304230561	0.988	0.988(247)	0(0)
THR	6.64841910216151	0.988	0.988(247)	0(0)
THR	6.80827516201741	0.988	0.988(247)	0(0)
THR	6.96813122187331	0.988	0.988(247)	0(0)
THR	7.12798728172921	0.996	0.996(249)	0(0)
THR	7.28784334158511	0.996	0.996(249)	0(0)
THR	7.44769940144101	0.996	0.996(249)	0(0)
THR	7.60755546129691	0.996	0.996(249)	0(0)
THR	7.76741152115282	0.996	0.996(249)	0(0)
THR	7.92726758100872	0.996	0.996(249)	0(0)
THR	8.08712364086461	0.996	0.996(249)	0(0)
THR	8.24697970072051	0.996	0.996(249)	0(0)
THR	8.40683576057641	0.996	0.996(249)	0(0)
THR	8.56669182043231	0.996	0.996(249)	0(0)
THR	8.72654788028821	0.996	0.996(249)	0(0)
THR	8.88640394014411	0.996	0.996(249)	0(0)
THR	9.04626000000001	1	1(250)	0(0)


==============================================
THR: 1.05345700720501
Missed:     61/250=0.2440
FalseAlarm: 1/1000=0.0010
----------------------------------------------
==> CostDetections: 34.3
==============================================
sáb dic  7 23:54:02 CET 2019
Num_Gauss: 19
sáb dic 7 23:58:32 CET 2019: classerr ---
nerr=3	ntot=342	error_rate=0.88%
sáb dic  7 23:58:32 CET 2019
dom dic 8 00:00:21 CET 2019: verif_err ---
Threshold search:
THR	-6.76475665147	98.604	0(0)	0.996(996)
THR	-6.5982417849553	98.505	0(0)	0.995(995)
THR	-6.4317269184406	98.505	0(0)	0.995(995)
THR	-6.2652120519259	98.505	0(0)	0.995(995)
THR	-6.0986971854112	98.505	0(0)	0.995(995)
THR	-5.9321823188965	98.505	0(0)	0.995(995)
THR	-5.7656674523818	98.406	0(0)	0.994(994)
THR	-5.5991525858671	98.406	0(0)	0.994(994)
THR	-5.4326377193524	98.406	0(0)	0.994(994)
THR	-5.2661228528377	98.307	0(0)	0.993(993)
THR	-5.099607986323	98.307	0(0)	0.993(993)
THR	-4.9330931198083	98.109	0(0)	0.991(991)
THR	-4.7665782532936	98.109	0(0)	0.991(991)
THR	-4.6000633867789	97.911	0(0)	0.989(989)
THR	-4.4335485202642	97.713	0(0)	0.987(987)
THR	-4.2670336537495	97.317	0(0)	0.983(983)
THR	-4.1005187872348	97.02	0(0)	0.98(980)
THR	-3.9340039207201	96.525	0(0)	0.975(975)
THR	-3.7674890542054	95.832	0(0)	0.968(968)
THR	-3.6009741876907	95.139	0(0)	0.961(961)
THR	-3.434459321176	94.842	0(0)	0.958(958)
THR	-3.2679444546613	93.258	0(0)	0.942(942)
THR	-3.1014295881466	92.367	0(0)	0.933(933)
THR	-2.9349147216319	91.278	0(0)	0.922(922)
THR	-2.7683998551172	89.199	0(0)	0.901(901)
THR	-2.6018849886025	87.12	0(0)	0.88(880)
THR	-2.4353701220878	86.229	0(0)	0.871(871)
THR	-2.2688552555731	84.447	0(0)	0.853(853)
THR	-2.1023403890584	82.269	0(0)	0.831(831)
THR	-1.9358255225437	80.091	0(0)	0.809(809)
THR	-1.769310656029	76.23	0(0)	0.77(770)
THR	-1.6027957895143	73.161	0(0)	0.739(739)
THR	-1.4362809229996	67.716	0(0)	0.684(684)
THR	-1.2697660564849	62.766	0(0)	0.634(634)
THR	-1.1032511899702	55.539	0(0)	0.561(561)
THR	-0.936736323455498	47.52	0(0)	0.48(480)
THR	-0.770221456940797	38.907	0(0)	0.393(393)
THR	-0.603706590426097	31.977	0(0)	0.323(323)
THR	-0.437191723911397	22.869	0(0)	0.231(231)
THR	-0.270676857396697	15.939	0(0)	0.161(161)
THR	-0.104161990881997	10.395	0(0)	0.105(105)
THR	0.0623528756327027	6.633	0(0)	0.067(67)
THR	0.228867742147403	3.667	0.004(1)	0.037(37)
THR	0.395382608662103	2.099	0.02(5)	0.021(21)
THR	0.561897475176803	1.422	0.036(9)	0.014(14)
THR	0.728412341691503	0.694	0.1(25)	0.006(6)
THR	0.894927208206203	0.548	0.152(38)	0.004(4)
THR	1.0614420747209	0.656	0.26(65)	0.004(4)
THR	1.2279569412356	0.606	0.408(102)	0.002(2)
THR	1.3944718077503	0.623	0.524(131)	0.001(1)
THR	1.560986674265	0.66	0.66(165)	0(0)
THR	1.7275015407797	0.776	0.776(194)	0(0)
THR	1.8940164072944	0.836	0.836(209)	0(0)
THR	2.0605312738091	0.872	0.872(218)	0(0)
THR	2.2270461403238	0.888	0.888(222)	0(0)
THR	2.3935610068385	0.904	0.904(226)	0(0)
THR	2.5600758733532	0.912	0.912(228)	0(0)
THR	2.7265907398679	0.924	0.924(231)	0(0)
THR	2.8931056063826	0.936	0.936(234)	0(0)
THR	3.0596204728973	0.944	0.944(236)	0(0)
THR	3.226135339412	0.952	0.952(238)	0(0)
THR	3.3926502059267	0.952	0.952(238)	0(0)
THR	3.5591650724414	0.952	0.952(238)	0(0)
THR	3.7256799389561	0.964	0.964(241)	0(0)
THR	3.8921948054708	0.968	0.968(242)	0(0)
THR	4.0587096719855	0.976	0.976(244)	0(0)
THR	4.2252245385002	0.98	0.98(245)	0(0)
THR	4.3917394050149	0.98	0.98(245)	0(0)
THR	4.5582542715296	0.98	0.98(245)	0(0)
THR	4.7247691380443	0.988	0.988(247)	0(0)
THR	4.891284004559	0.988	0.988(247)	0(0)
THR	5.0577988710737	0.988	0.988(247)	0(0)
THR	5.2243137375884	0.988	0.988(247)	0(0)
THR	5.3908286041031	0.988	0.988(247)	0(0)
THR	5.5573434706178	0.988	0.988(247)	0(0)
THR	5.7238583371325	0.988	0.988(247)	0(0)
THR	5.8903732036472	0.988	0.988(247)	0(0)
THR	6.0568880701619	0.988	0.988(247)	0(0)
THR	6.2234029366766	0.988	0.988(247)	0(0)
THR	6.38991780319131	0.988	0.988(247)	0(0)
THR	6.55643266970601	0.988	0.988(247)	0(0)
THR	6.72294753622071	0.988	0.988(247)	0(0)
THR	6.88946240273541	0.988	0.988(247)	0(0)
THR	7.05597726925011	0.988	0.988(247)	0(0)
THR	7.22249213576481	0.992	0.992(248)	0(0)
THR	7.38900700227951	0.992	0.992(248)	0(0)
THR	7.55552186879421	0.992	0.992(248)	0(0)
THR	7.72203673530891	0.996	0.996(249)	0(0)
THR	7.88855160182361	0.996	0.996(249)	0(0)
THR	8.05506646833831	0.996	0.996(249)	0(0)
THR	8.22158133485301	0.996	0.996(249)	0(0)
THR	8.38809620136771	0.996	0.996(249)	0(0)
THR	8.5546110678824	0.996	0.996(249)	0(0)
THR	8.7211259343971	0.996	0.996(249)	0(0)
THR	8.8876408009118	0.996	0.996(249)	0(0)
THR	9.0541556674265	0.996	0.996(249)	0(0)
THR	9.2206705339412	0.996	0.996(249)	0(0)
THR	9.3871854004559	0.996	0.996(249)	0(0)
THR	9.5537002669706	0.996	0.996(249)	0(0)
THR	9.7202151334853	0.996	0.996(249)	0(0)
THR	9.88673	1	1(250)	0(0)


==============================================
THR: 0.894927208206203
Missed:     38/250=0.1520
FalseAlarm: 4/1000=0.0040
----------------------------------------------
==> CostDetection: 54.8
==============================================
dom dic  8 00:00:21 CET 2019
Num_Gauss: 20
dom dic 8 00:05:11 CET 2019: classerr ---
nerr=3	ntot=342	error_rate=0.88%
dom dic  8 00:05:11 CET 2019
dom dic 8 00:07:08 CET 2019: verif_err ---
Threshold search:
THR	-6.84679665543	98.604	0(0)	0.996(996)
THR	-6.6802421888757	98.505	0(0)	0.995(995)
THR	-6.5136877223214	98.505	0(0)	0.995(995)
THR	-6.3471332557671	98.505	0(0)	0.995(995)
THR	-6.1805787892128	98.505	0(0)	0.995(995)
THR	-6.0140243226585	98.505	0(0)	0.995(995)
THR	-5.8474698561042	98.505	0(0)	0.995(995)
THR	-5.6809153895499	98.406	0(0)	0.994(994)
THR	-5.5143609229956	98.406	0(0)	0.994(994)
THR	-5.3478064564413	98.406	0(0)	0.994(994)
THR	-5.181251989887	98.307	0(0)	0.993(993)
THR	-5.0146975233327	98.307	0(0)	0.993(993)
THR	-4.8481430567784	98.208	0(0)	0.992(992)
THR	-4.6815885902241	98.109	0(0)	0.991(991)
THR	-4.5150341236698	97.911	0(0)	0.989(989)
THR	-4.3484796571155	97.812	0(0)	0.988(988)
THR	-4.1819251905612	97.119	0(0)	0.981(981)
THR	-4.0153707240069	96.624	0(0)	0.976(976)
THR	-3.8488162574526	95.832	0(0)	0.968(968)
THR	-3.6822617908983	95.436	0(0)	0.964(964)
THR	-3.515707324344	94.644	0(0)	0.956(956)
THR	-3.3491528577897	93.852	0(0)	0.948(948)
THR	-3.1825983912354	92.565	0(0)	0.935(935)
THR	-3.0160439246811	91.278	0(0)	0.922(922)
THR	-2.8494894581268	89.694	0(0)	0.906(906)
THR	-2.6829349915725	87.912	0(0)	0.888(888)
THR	-2.5163805250182	86.724	0(0)	0.876(876)
THR	-2.3498260584639	85.14	0(0)	0.86(860)
THR	-2.1832715919096	83.655	0(0)	0.845(845)
THR	-2.0167171253553	80.982	0(0)	0.818(818)
THR	-1.850162658801	77.715	0(0)	0.785(785)
THR	-1.6836081922467	74.448	0(0)	0.752(752)
THR	-1.5170537256924	69.003	0(0)	0.697(697)
THR	-1.3504992591381	62.964	0(0)	0.636(636)
THR	-1.1839447925838	57.123	0(0)	0.577(577)
THR	-1.0173903260295	50.985	0(0)	0.515(515)
THR	-0.850835859475202	41.877	0(0)	0.423(423)
THR	-0.684281392920902	34.452	0(0)	0.348(348)
THR	-0.517726926366602	26.235	0(0)	0.265(265)
THR	-0.351172459812302	18.81	0(0)	0.19(190)
THR	-0.184617993258003	11.979	0(0)	0.121(121)
THR	-0.0180635267037025	8.316	0(0)	0.084(84)
THR	0.148490939850597	4.752	0(0)	0.048(48)
THR	0.315045406404897	2.586	0.012(3)	0.026(26)
THR	0.481599872959197	1.414	0.028(7)	0.014(14)
THR	0.648154339513497	1.153	0.064(16)	0.011(11)
THR	0.814708806067797	0.599	0.104(26)	0.005(5)
THR	0.981263272622097	0.592	0.196(49)	0.004(4)
THR	1.1478177391764	0.625	0.328(82)	0.003(3)
THR	1.3143722057307	0.654	0.456(114)	0.002(2)
THR	1.480926672285	0.683	0.584(146)	0.001(1)
THR	1.6474811388393	0.819	0.72(180)	0.001(1)
THR	1.8140356053936	0.812	0.812(203)	0(0)
THR	1.9805900719479	0.852	0.852(213)	0(0)
THR	2.1471445385022	0.876	0.876(219)	0(0)
THR	2.3136990050565	0.896	0.896(224)	0(0)
THR	2.4802534716108	0.908	0.908(227)	0(0)
THR	2.6468079381651	0.924	0.924(231)	0(0)
THR	2.8133624047194	0.928	0.928(232)	0(0)
THR	2.9799168712737	0.94	0.94(235)	0(0)
THR	3.146471337828	0.948	0.948(237)	0(0)
THR	3.3130258043823	0.952	0.952(238)	0(0)
THR	3.4795802709366	0.952	0.952(238)	0(0)
THR	3.6461347374909	0.964	0.964(241)	0(0)
THR	3.8126892040452	0.964	0.964(241)	0(0)
THR	3.9792436705995	0.968	0.968(242)	0(0)
THR	4.1457981371538	0.98	0.98(245)	0(0)
THR	4.3123526037081	0.98	0.98(245)	0(0)
THR	4.4789070702624	0.98	0.98(245)	0(0)
THR	4.6454615368167	0.98	0.98(245)	0(0)
THR	4.812016003371	0.988	0.988(247)	0(0)
THR	4.9785704699253	0.988	0.988(247)	0(0)
THR	5.1451249364796	0.988	0.988(247)	0(0)
THR	5.3116794030339	0.988	0.988(247)	0(0)
THR	5.4782338695882	0.988	0.988(247)	0(0)
THR	5.6447883361425	0.988	0.988(247)	0(0)
THR	5.8113428026968	0.988	0.988(247)	0(0)
THR	5.9778972692511	0.988	0.988(247)	0(0)
THR	6.1444517358054	0.988	0.988(247)	0(0)
THR	6.3110062023597	0.988	0.988(247)	0(0)
THR	6.47756066891399	0.988	0.988(247)	0(0)
THR	6.64411513546829	0.988	0.988(247)	0(0)
THR	6.81066960202259	0.988	0.988(247)	0(0)
THR	6.97722406857689	0.988	0.988(247)	0(0)
THR	7.14377853513119	0.988	0.988(247)	0(0)
THR	7.31033300168549	0.992	0.992(248)	0(0)
THR	7.47688746823979	0.992	0.992(248)	0(0)
THR	7.64344193479409	0.992	0.992(248)	0(0)
THR	7.80999640134839	0.996	0.996(249)	0(0)
THR	7.97655086790269	0.996	0.996(249)	0(0)
THR	8.14310533445699	0.996	0.996(249)	0(0)
THR	8.30965980101129	0.996	0.996(249)	0(0)
THR	8.47621426756559	0.996	0.996(249)	0(0)
THR	8.64276873411989	0.996	0.996(249)	0(0)
THR	8.80932320067419	0.996	0.996(249)	0(0)
THR	8.9758776672285	0.996	0.996(249)	0(0)
THR	9.1424321337828	0.996	0.996(249)	0(0)
THR	9.3089866003371	0.996	0.996(249)	0(0)
THR	9.4755410668914	0.996	0.996(249)	0(0)
THR	9.6420955334457	0.996	0.996(249)	0(0)
THR	9.80865	0.996	0.996(249)	0(0)
THR	9.9752044665543	1	1(250)	0(0)


==============================================
THR: 0.981263272622097
Missed:     49/250=0.1960
FalseAlarm: 4/1000=0.0040
----------------------------------------------
==> CostDetection: 59.2
==============================================
dom dic  8 00:07:08 CET 2019
