Coefs: 18
Num_Gauss: 13
dom dic 8 12:24:10 CET 2019: classerr ---
nerr=224	ntot=785	error_rate=28.54%
dom dic  8 12:24:10 CET 2019
dom dic 8 12:24:59 CET 2019: verif_err ---
Threshold search:
THR	-1.4387535337	99	0(0)	1(1000)
THR	-1.403416498363	98.802	0(0)	0.998(998)
THR	-1.368079463026	98.703	0(0)	0.997(997)
THR	-1.332742427689	98.703	0(0)	0.997(997)
THR	-1.297405392352	98.703	0(0)	0.997(997)
THR	-1.262068357015	98.604	0(0)	0.996(996)
THR	-1.226731321678	98.604	0(0)	0.996(996)
THR	-1.191394286341	98.505	0(0)	0.995(995)
THR	-1.156057251004	98.307	0(0)	0.993(993)
THR	-1.120720215667	98.208	0(0)	0.992(992)
THR	-1.08538318033	98.208	0(0)	0.992(992)
THR	-1.050046144993	98.109	0(0)	0.991(991)
THR	-1.014709109656	98.01	0(0)	0.99(990)
THR	-0.979372074319001	98.01	0(0)	0.99(990)
THR	-0.944035038982001	97.911	0(0)	0.989(989)
THR	-0.908698003645001	97.614	0(0)	0.986(986)
THR	-0.873360968308001	97.218	0(0)	0.982(982)
THR	-0.838023932971001	96.624	0(0)	0.976(976)
THR	-0.802686897634001	96.426	0(0)	0.974(974)
THR	-0.767349862297001	95.733	0(0)	0.967(967)
THR	-0.732012826960001	94.644	0(0)	0.956(956)
THR	-0.696675791623001	94.149	0(0)	0.951(951)
THR	-0.661338756286001	93.555	0(0)	0.945(945)
THR	-0.626001720949001	93.357	0(0)	0.943(943)
THR	-0.590664685612001	92.367	0(0)	0.933(933)
THR	-0.555327650275001	91.08	0(0)	0.92(920)
THR	-0.519990614938001	89.397	0(0)	0.903(903)
THR	-0.484653579601001	87.615	0(0)	0.885(885)
THR	-0.449316544264001	86.233	0.004(1)	0.871(871)
THR	-0.413979508927001	84.55	0.004(1)	0.854(854)
THR	-0.378642473590001	82.768	0.004(1)	0.836(836)
THR	-0.343305438253001	80.491	0.004(1)	0.813(813)
THR	-0.307968402916001	78.115	0.004(1)	0.789(789)
THR	-0.272631367579001	74.947	0.004(1)	0.757(757)
THR	-0.237294332242001	70.987	0.004(1)	0.717(717)https://www.programiz.com/c-programming/c-structures-pointers
THR	-0.201957296905001	68.318	0.008(2)	0.69(690)
THR	-0.166620261568001	64.754	0.008(2)	0.654(654)
THR	-0.131283226231001	61.491	0.012(3)	0.621(621)
THR	-0.0959461908940014	56.941	0.016(4)	0.575(575)
THR	-0.0606091555570014	52.886	0.02(5)	0.534(534)
THR	-0.0252721202200014	50.019	0.024(6)	0.505(505)
THR	0.0100649151169986	46.768	0.04(10)	0.472(472)
THR	0.0454019504539986	43.121	0.056(14)	0.435(435)
THR	0.0807389857909986	40.567	0.076(19)	0.409(409)
THR	0.116076021127999	37.225	0.1(25)	0.375(375)
THR	0.151413056464999	34.774	0.124(31)	0.35(350)
THR	0.186750091801999	31.349	0.164(41)	0.315(315)
THR	0.222087127138999	28.597	0.184(46)	0.287(287)
THR	0.257424162475999	24.764	0.212(53)	0.248(248)
THR	0.292761197812999	22.214	0.236(59)	0.222(222)
THR	0.328098233149999	19.375	0.268(67)	0.193(193)
THR	0.363435268486999	17.15	0.32(80)	0.17(170)
THR	0.398772303823999	15.325	0.376(94)	0.151(151)
THR	0.434109339160999	13.579	0.412(103)	0.133(133)
THR	0.469446374497999	10.986	0.492(123)	0.106(106)
THR	0.504783409834999	9.145	0.532(133)	0.087(87)
THR	0.540120445171999	7.906	0.58(145)	0.074(74)
THR	0.575457480508998	6.659	0.62(155)	0.061(61)
THR	0.610794515845998	6.307	0.664(166)	0.057(57)
THR	0.646131551182998	4.83	0.672(168)	0.042(42)
THR	0.681468586519998	4.466	0.704(176)	0.038(38)
THR	0.716805621856998	3.488	0.716(179)	0.028(28)
THR	0.752142657193998	2.53	0.748(187)	0.018(18)
THR	0.787479692530998	2.174	0.788(197)	0.014(14)
THR	0.822816727867998	1.794	0.804(201)	0.01(10)
THR	0.858153763204998	1.509	0.816(204)	0.007(7)
THR	0.893490798541998	1.311	0.816(204)	0.005(5)
THR	0.928827833878998	1.141	0.844(211)	0.003(3)
THR	0.964164869215998	1.149	0.852(213)	0.003(3)
THR	0.999501904552998	1.054	0.856(214)	0.002(2)
THR	1.03483893989	1.066	0.868(217)	0.002(2)
THR	1.070175975227	0.975	0.876(219)	0.001(1)
THR	1.105513010564	0.979	0.88(220)	0.001(1)
THR	1.140850045901	0.995	0.896(224)	0.001(1)
THR	1.176187081238	1.011	0.912(228)	0.001(1)
THR	1.211524116575	0.912	0.912(228)	0(0)
THR	1.246861151912	0.912	0.912(228)	0(0)
THR	1.282198187249	0.916	0.916(229)	0(0)
THR	1.317535222586	0.92	0.92(230)	0(0)
THR	1.352872257923	0.92	0.92(230)	0(0)
THR	1.38820929326	0.936	0.936(234)	0(0)
THR	1.423546328597	0.944	0.944(236)	0(0)
THR	1.458883363934	0.956	0.956(239)	0(0)
THR	1.494220399271	0.96	0.96(240)	0(0)
THR	1.529557434608	0.964	0.964(241)	0(0)
THR	1.564894469945	0.972	0.972(243)	0(0)
THR	1.600231505282	0.972	0.972(243)	0(0)
THR	1.635568540619	0.972	0.972(243)	0(0)
THR	1.670905575956	0.972	0.972(243)	0(0)
THR	1.706242611293	0.976	0.976(244)	0(0)
THR	1.74157964663	0.976	0.976(244)	0(0)
THR	1.776916681967	0.976	0.976(244)	0(0)
THR	1.812253717304	0.98	0.98(245)	0(0)
THR	1.847590752641	0.984	0.984(246)	0(0)
THR	1.882927787978	0.988	0.988(247)	0(0)
THR	1.918264823315	0.988	0.988(247)	0(0)
THR	1.953601858652	0.988	0.988(247)	0(0)
THR	1.988938893989	0.988	0.988(247)	0(0)
THR	2.024275929326	0.988	0.988(247)	0(0)
THR	2.059612964663	0.992	0.992(248)	0(0)
THR	2.09495	0.996	0.996(249)	0(0)
THR	2.130287035337	1	1(250)	0(0)


==============================================
THR: 1.211524116575
Missed:     228/250=0.9120
FalseAlarm: 0/1000=0.0000
----------------------------------------------
==> CostDetection: 91.2
==============================================
dom dic  8 12:24:59 CET 2019
Num_Gauss: 14
dom dic 8 12:28:50 CET 2019: classerr ---
nerr=180	ntot=785	error_rate=22.93%
dom dic  8 12:28:50 CET 2019
dom dic 8 12:29:53 CET 2019: verif_err ---
Threshold search:
THR	-1.33537347476	99	0(0)	1(1000)
THR	-1.3006258400124	98.901	0(0)	0.999(999)
THR	-1.2658782052648	98.901	0(0)	0.999(999)
THR	-1.2311305705172	98.901	0(0)	0.999(999)
THR	-1.1963829357696	98.703	0(0)	0.997(997)
THR	-1.161635301022	98.406	0(0)	0.994(994)
THR	-1.1268876662744	98.406	0(0)	0.994(994)
THR	-1.0921400315268	98.208	0(0)	0.992(992)
THR	-1.0573923967792	98.109	0(0)	0.991(991)
THR	-1.0226447620316	98.01	0(0)	0.99(990)
THR	-0.987897127284001	98.01	0(0)	0.99(990)
THR	-0.953149492536401	97.713	0(0)	0.987(987)
THR	-0.918401857788801	97.416	0(0)	0.984(984)
THR	-0.883654223041201	97.218	0(0)	0.982(982)
THR	-0.848906588293601	96.822	0(0)	0.978(978)
THR	-0.814158953546001	96.228	0(0)	0.972(972)
THR	-0.779411318798401	95.931	0(0)	0.969(969)
THR	-0.744663684050801	95.535	0(0)	0.965(965)
THR	-0.709916049303201	94.743	0(0)	0.957(957)
THR	-0.675168414555601	94.446	0(0)	0.954(954)
THR	-0.640420779808001	92.961	0(0)	0.939(939)
THR	-0.605673145060401	92.268	0(0)	0.932(932)
THR	-0.570925510312801	91.179	0(0)	0.921(921)
THR	-0.536177875565201	90.094	0.004(1)	0.91(910)
THR	-0.501430240817601	89.005	0.004(1)	0.899(899)
THR	-0.466682606070001	87.124	0.004(1)	0.88(880)
THR	-0.431934971322401	84.946	0.004(1)	0.858(858)
THR	-0.397187336574801	83.065	0.004(1)	0.839(839)
THR	-0.362439701827201	81.085	0.004(1)	0.819(819)
THR	-0.327692067079601	78.61	0.004(1)	0.794(794)
THR	-0.292944432332001	75.64	0.004(1)	0.764(764)
THR	-0.258196797584401	72.571	0.004(1)	0.733(733)
THR	-0.223449162836801	69.403	0.004(1)	0.701(701)
THR	-0.188701528089201	66.037	0.004(1)	0.667(667)
THR	-0.153953893341601	61.78	0.004(1)	0.624(624)
THR	-0.119206258594001	57.329	0.008(2)	0.579(579)
THR	-0.0844586238464006	54.165	0.012(3)	0.547(547)
THR	-0.0497109890988006	51.694	0.016(4)	0.522(522)
THR	-0.0149633543512006	47.734	0.016(4)	0.482(482)
THR	0.0197842803963994	44.182	0.028(7)	0.446(446)
THR	0.0545319151439994	41.232	0.048(12)	0.416(416)
THR	0.0892795498915994	38.785	0.076(19)	0.391(391)
THR	0.124027184639199	35.625	0.084(21)	0.359(359)
THR	0.158774819386799	31.784	0.104(26)	0.32(320)
THR	0.193522454134399	28.533	0.12(30)	0.287(287)
THR	0.228270088881999	25.995	0.156(39)	0.261(261)
THR	0.263017723629599	22.855	0.184(46)	0.229(229)
THR	0.297765358377199	21.497	0.212(53)	0.215(215)
THR	0.332512993124799	19.454	0.248(62)	0.194(194)
THR	0.367260627872399	16.837	0.304(76)	0.167(167)
THR	0.40200826262	14.794	0.34(85)	0.146(146)
THR	0.4367558973676	12.648	0.372(93)	0.124(124)
THR	0.4715035321152	10.126	0.424(106)	0.098(98)
THR	0.506251166862799	8.78	0.464(116)	0.084(84)
THR	0.540998801610399	7.319	0.488(122)	0.069(69)
THR	0.575746436357999	6.599	0.56(140)	0.061(61)
THR	0.6104940711056	5.954	0.608(152)	0.054(54)
THR	0.6452417058532	4.81	0.652(163)	0.042(42)
THR	0.6799893406008	4.232	0.668(167)	0.036(36)
THR	0.7147369753484	3.46	0.688(172)	0.028(28)
THR	0.749484610096	2.997	0.72(180)	0.023(23)
THR	0.7842322448436	2.522	0.74(185)	0.018(18)
THR	0.8189798795912	2.059	0.772(193)	0.013(13)
THR	0.8537275143388	1.774	0.784(196)	0.01(10)
THR	0.8884751490864	1.505	0.812(203)	0.007(7)
THR	0.923222783834	1.327	0.832(208)	0.005(5)
THR	0.9579704185816	1.137	0.84(210)	0.003(3)
THR	0.9927180533292	1.145	0.848(212)	0.003(3)
THR	1.0274656880768	1.054	0.856(214)	0.002(2)
THR	1.0622133228244	0.963	0.864(216)	0.001(1)
THR	1.096960957572	0.975	0.876(219)	0.001(1)
THR	1.1317085923196	0.888	0.888(222)	0(0)
THR	1.1664562270672	0.888	0.888(222)	0(0)
THR	1.2012038618148	0.892	0.892(223)	0(0)
THR	1.2359514965624	0.9	0.9(225)	0(0)
THR	1.27069913131	0.908	0.908(227)	0(0)
THR	1.3054467660576	0.912	0.912(228)	0(0)
THR	1.3401944008052	0.916	0.916(229)	0(0)
THR	1.3749420355528	0.92	0.92(230)	0(0)
THR	1.4096896703004	0.928	0.928(232)	0(0)
THR	1.444437305048	0.932	0.932(233)	0(0)
THR	1.4791849397956	0.94	0.94(235)	0(0)
THR	1.5139325745432	0.944	0.944(236)	0(0)
THR	1.5486802092908	0.96	0.96(240)	0(0)
THR	1.5834278440384	0.968	0.968(242)	0(0)
THR	1.618175478786	0.972	0.972(243)	0(0)
THR	1.6529231135336	0.976	0.976(244)	0(0)
THR	1.6876707482812	0.976	0.976(244)	0(0)
THR	1.7224183830288	0.976	0.976(244)	0(0)
THR	1.7571660177764	0.976	0.976(244)	0(0)
THR	1.791913652524	0.976	0.976(244)	0(0)
THR	1.8266612872716	0.976	0.976(244)	0(0)
THR	1.8614089220192	0.976	0.976(244)	0(0)
THR	1.8961565567668	0.984	0.984(246)	0(0)
THR	1.9309041915144	0.984	0.984(246)	0(0)
THR	1.965651826262	0.988	0.988(247)	0(0)
THR	2.0003994610096	0.988	0.988(247)	0(0)
THR	2.0351470957572	0.996	0.996(249)	0(0)
THR	2.0698947305048	0.996	0.996(249)	0(0)
THR	2.1046423652524	0.996	0.996(249)	0(0)
THR	2.13939	0.996	0.996(249)	0(0)
THR	2.1741376347476	1	1(250)	0(0)


==============================================
THR: 1.1317085923196
Missed:     222/250=0.8880
FalseAlarm: 0/1000=0.0000
----------------------------------------------
==> CostDetection: 88.8
==============================================
dom dic  8 12:29:53 CET 2019
Num_Gauss: 15
dom dic 8 12:46:42 CET 2019: classerr ---
nerr=173	ntot=784	error_rate=22.07%
dom dic  8 12:46:42 CET 2019
dom dic 8 12:47:49 CET 2019: verif_err ---
Threshold search:
THR	-1.45434376977	99	0(0)	1(1000)
THR	-1.4166460320723	98.802	0(0)	0.998(998)
THR	-1.3789482943746	98.802	0(0)	0.998(998)
THR	-1.3412505566769	98.802	0(0)	0.998(998)
THR	-1.3035528189792	98.703	0(0)	0.997(997)
THR	-1.2658550812815	98.703	0(0)	0.997(997)
THR	-1.2281573435838	98.703	0(0)	0.997(997)
THR	-1.1904596058861	98.604	0(0)	0.996(996)
THR	-1.1527618681884	98.307	0(0)	0.993(993)
THR	-1.1150641304907	98.307	0(0)	0.993(993)
THR	-1.077366392793	98.109	0(0)	0.991(991)
THR	-1.0396686550953	97.911	0(0)	0.989(989)
THR	-1.0019709173976	97.812	0(0)	0.988(988)
THR	-0.964273179699901	97.515	0(0)	0.985(985)
THR	-0.926575442002201	97.317	0(0)	0.983(983)
THR	-0.888877704304501	96.822	0(0)	0.978(978)
THR	-0.851179966606801	96.228	0(0)	0.972(972)
THR	-0.813482228909101	96.03	0(0)	0.97(970)
THR	-0.775784491211401	95.238	0(0)	0.962(962)
THR	-0.738086753513701	94.743	0(0)	0.957(957)
THR	-0.700389015816001	94.05	0(0)	0.95(950)
THR	-0.662691278118301	92.961	0(0)	0.939(939)
THR	-0.624993540420601	91.476	0(0)	0.924(924)
THR	-0.587295802722901	90.49	0.004(1)	0.914(914)
THR	-0.549598065025201	89.896	0.004(1)	0.908(908)
THR	-0.511900327327501	88.807	0.004(1)	0.897(897)
THR	-0.474202589629801	86.728	0.004(1)	0.876(876)
THR	-0.436504851932101	84.748	0.004(1)	0.856(856)
THR	-0.398807114234401	82.57	0.004(1)	0.834(834)
THR	-0.361109376536701	79.006	0.004(1)	0.798(798)
THR	-0.323411638839001	76.333	0.004(1)	0.771(771)
THR	-0.285713901141301	73.264	0.004(1)	0.74(740)
THR	-0.248016163443601	68.908	0.004(1)	0.696(696)
THR	-0.210318425745901	64.655	0.008(2)	0.653(653)
THR	-0.172620688048201	60.798	0.012(3)	0.614(614)
THR	-0.134922950350501	57.729	0.012(3)	0.583(583)
THR	-0.0972252126528007	54.363	0.012(3)	0.549(549)
THR	-0.0595274749551007	50.403	0.012(3)	0.509(509)
THR	-0.0218297372574007	47.037	0.012(3)	0.475(475)
THR	0.0158680004402993	43.885	0.028(7)	0.443(443)
THR	0.0535657381379993	40.935	0.048(12)	0.413(413)
THR	0.0912634758356992	37.882	0.064(16)	0.382(382)
THR	0.128961213533399	34.445	0.092(23)	0.347(347)
THR	0.166658951231099	30.196	0.1(25)	0.304(304)
THR	0.204356688928799	25.86	0.12(30)	0.26(260)
THR	0.242054426626499	22.716	0.144(36)	0.228(228)
THR	0.279752164324199	20.582	0.188(47)	0.206(206)
THR	0.317449902021899	17.846	0.224(56)	0.178(178)
THR	0.355147639719599	15.439	0.292(73)	0.153(153)
THR	0.392845377417299	12.691	0.316(79)	0.125(125)
THR	0.430543115114999	11.242	0.352(88)	0.11(110)
THR	0.468240852812699	8.811	0.396(99)	0.085(85)
THR	0.505938590510399	7.873	0.448(112)	0.075(75)
THR	0.543636328208099	6.737	0.5(125)	0.063(63)
THR	0.581334065905799	6.124	0.58(145)	0.056(56)
THR	0.619031803603499	4.988	0.632(158)	0.044(44)
THR	0.656729541301199	4.442	0.68(170)	0.038(38)
THR	0.694427278998899	3.385	0.712(178)	0.027(27)
THR	0.732125016696599	3.001	0.724(181)	0.023(23)
THR	0.769822754394299	2.53	0.748(187)	0.018(18)
THR	0.807520492091999	2.174	0.788(197)	0.014(14)
THR	0.845218229789699	1.794	0.804(201)	0.01(10)
THR	0.882915967487399	1.517	0.824(206)	0.007(7)
THR	0.920613705185099	1.442	0.848(212)	0.006(6)
THR	0.958311442882799	1.157	0.86(215)	0.003(3)
THR	0.996009180580499	1.161	0.864(216)	0.003(3)
THR	1.0337069182782	1.066	0.868(217)	0.002(2)
THR	1.0714046559759	1.07	0.872(218)	0.002(2)
THR	1.1091023936736	1.07	0.872(218)	0.002(2)
THR	1.1468001313713	0.971	0.872(218)	0.001(1)
THR	1.184497869069	0.979	0.88(220)	0.001(1)
THR	1.2221956067667	0.991	0.892(223)	0.001(1)
THR	1.2598933444644	0.9	0.9(225)	0(0)
THR	1.2975910821621	0.904	0.904(226)	0(0)
THR	1.3352888198598	0.908	0.908(227)	0(0)
THR	1.3729865575575	0.92	0.92(230)	0(0)
THR	1.4106842952552	0.92	0.92(230)	0(0)
THR	1.4483820329529	0.928	0.928(232)	0(0)
THR	1.4860797706506	0.932	0.932(233)	0(0)
THR	1.5237775083483	0.94	0.94(235)	0(0)
THR	1.561475246046	0.956	0.956(239)	0(0)
THR	1.5991729837437	0.964	0.964(241)	0(0)
THR	1.6368707214414	0.968	0.968(242)	0(0)
THR	1.6745684591391	0.972	0.972(243)	0(0)
THR	1.7122661968368	0.972	0.972(243)	0(0)
THR	1.7499639345345	0.972	0.972(243)	0(0)
THR	1.7876616722322	0.972	0.972(243)	0(0)
THR	1.8253594099299	0.972	0.972(243)	0(0)
THR	1.8630571476276	0.972	0.972(243)	0(0)
THR	1.9007548853253	0.976	0.976(244)	0(0)
THR	1.938452623023	0.98	0.98(245)	0(0)
THR	1.9761503607207	0.984	0.984(246)	0(0)
THR	2.0138480984184	0.988	0.988(247)	0(0)
THR	2.0515458361161	0.988	0.988(247)	0(0)
THR	2.0892435738138	0.996	0.996(249)	0(0)
THR	2.1269413115115	0.996	0.996(249)	0(0)
THR	2.1646390492092	0.996	0.996(249)	0(0)
THR	2.2023367869069	0.996	0.996(249)	0(0)
THR	2.2400345246046	0.996	0.996(249)	0(0)
THR	2.2777322623023	0.996	0.996(249)	0(0)
THR	2.31543	0.996	0.996(249)	0(0)
THR	2.3531277376977	1	1(250)	0(0)


==============================================
THR: 1.2598933444644
Missed:     225/250=0.9000
FalseAlarm: 0/1000=0.0000
----------------------------------------------
==> CostDetection: 90.0
==============================================
dom dic  8 12:47:49 CET 2019
Num_Gauss: 16
dom dic 8 12:52:13 CET 2019: classerr ---
nerr=179	ntot=783	error_rate=22.86%
dom dic  8 12:52:13 CET 2019
dom dic 8 12:53:25 CET 2019: verif_err ---
Threshold search:
THR	-1.52208393782	99	0(0)	1(1000)
THR	-1.4827056984418	98.901	0(0)	0.999(999)
THR	-1.4433274590636	98.901	0(0)	0.999(999)
THR	-1.4039492196854	98.802	0(0)	0.998(998)
THR	-1.3645709803072	98.802	0(0)	0.998(998)
THR	-1.325192740929	98.703	0(0)	0.997(997)
THR	-1.2858145015508	98.505	0(0)	0.995(995)
THR	-1.2464362621726	98.406	0(0)	0.994(994)
THR	-1.2070580227944	98.208	0(0)	0.992(992)
THR	-1.1676797834162	97.911	0(0)	0.989(989)
THR	-1.128301544038	97.713	0(0)	0.987(987)
THR	-1.0889233046598	97.713	0(0)	0.987(987)
THR	-1.0495450652816	97.515	0(0)	0.985(985)
THR	-1.0101668259034	97.218	0(0)	0.982(982)
THR	-0.970788586525199	97.02	0(0)	0.98(980)
THR	-0.931410347146999	96.624	0(0)	0.976(976)
THR	-0.892032107768799	96.327	0(0)	0.973(973)
THR	-0.852653868390599	95.733	0(0)	0.967(967)
THR	-0.813275629012399	95.238	0(0)	0.962(962)
THR	-0.773897389634199	94.446	0(0)	0.954(954)
THR	-0.734519150255999	92.961	0(0)	0.939(939)
THR	-0.6951409108778	92.466	0(0)	0.934(934)
THR	-0.6557626714996	91.872	0(0)	0.928(928)
THR	-0.6163844321214	90.886	0.004(1)	0.918(918)
THR	-0.5770061927432	90.094	0.004(1)	0.91(910)
THR	-0.537627953365	89.104	0.004(1)	0.9(900)
THR	-0.4982497139868	87.619	0.004(1)	0.885(885)
THR	-0.4588714746086	85.837	0.004(1)	0.867(867)
THR	-0.4194932352304	82.57	0.004(1)	0.834(834)
THR	-0.3801149958522	79.798	0.004(1)	0.806(806)
THR	-0.340736756474	76.036	0.004(1)	0.768(768)
THR	-0.3013585170958	73.561	0.004(1)	0.743(743)
THR	-0.2619802777176	69.799	0.004(1)	0.705(705)
THR	-0.2226020383394	65.447	0.008(2)	0.661(661)
THR	-0.1832237989612	61.293	0.012(3)	0.619(619)
THR	-0.143845559583	57.729	0.012(3)	0.583(583)
THR	-0.1044673202048	54.066	0.012(3)	0.546(546)
THR	-0.0650890808265996	50.898	0.012(3)	0.514(514)
THR	-0.0257108414483996	47.045	0.02(5)	0.475(475)
THR	0.0136673979298004	43.485	0.024(6)	0.439(439)
THR	0.0530456373080004	39.83	0.032(8)	0.402(402)
THR	0.0924238766862004	36.393	0.06(15)	0.367(367)
THR	0.1318021160644	32.956	0.088(22)	0.332(332)
THR	0.1711803554426	29.107	0.1(25)	0.293(293)
THR	0.2105585948208	25.856	0.116(29)	0.26(260)
THR	0.249936834199	21.829	0.148(37)	0.219(219)
THR	0.2893150735772	19.414	0.208(52)	0.194(194)
THR	0.3286933129554	16.674	0.24(60)	0.166(166)
THR	0.3680715523336	14.378	0.32(80)	0.142(142)
THR	0.4074497917118	11.935	0.352(88)	0.117(117)
THR	0.44682803109	10.189	0.388(97)	0.099(99)
THR	0.4862062704682	8.542	0.424(106)	0.082(82)
THR	0.5255845098464	7.6	0.472(118)	0.072(72)
THR	0.5649627492246	6.579	0.54(135)	0.061(61)
THR	0.6043409886028	5.637	0.588(147)	0.051(51)
THR	0.643719227981	4.968	0.612(153)	0.044(44)
THR	0.6830974673592	4.236	0.672(168)	0.036(36)
THR	0.7224757067374	3.571	0.7(175)	0.029(29)
THR	0.7618539461156	2.918	0.74(185)	0.022(22)
THR	0.8012321854938	2.752	0.772(193)	0.02(20)
THR	0.840610424872	2.087	0.8(200)	0.013(13)
THR	0.8799886642502	1.608	0.816(204)	0.008(8)
THR	0.9193669036284	1.521	0.828(207)	0.007(7)
THR	0.9587451430066	1.537	0.844(211)	0.007(7)
THR	0.9981233823848	1.157	0.86(215)	0.003(3)
THR	1.037501621763	1.165	0.868(217)	0.003(3)
THR	1.0768798611412	1.066	0.868(217)	0.002(2)
THR	1.1162581005194	1.07	0.872(218)	0.002(2)
THR	1.1556363398976	0.971	0.872(218)	0.001(1)
THR	1.1950145792758	0.983	0.884(221)	0.001(1)
THR	1.234392818654	0.987	0.888(222)	0.001(1)
THR	1.2737710580322	0.999	0.9(225)	0.001(1)
THR	1.3131492974104	0.908	0.908(227)	0(0)
THR	1.3525275367886	0.908	0.908(227)	0(0)
THR	1.3919057761668	0.916	0.916(229)	0(0)
THR	1.431284015545	0.924	0.924(231)	0(0)
THR	1.4706622549232	0.924	0.924(231)	0(0)
THR	1.5100404943014	0.928	0.928(232)	0(0)
THR	1.5494187336796	0.932	0.932(233)	0(0)
THR	1.5887969730578	0.94	0.94(235)	0(0)
THR	1.628175212436	0.956	0.956(239)	0(0)
THR	1.6675534518142	0.968	0.968(242)	0(0)
THR	1.7069316911924	0.968	0.968(242)	0(0)
THR	1.7463099305706	0.968	0.968(242)	0(0)
THR	1.7856881699488	0.972	0.972(243)	0(0)
THR	1.825066409327	0.972	0.972(243)	0(0)
THR	1.8644446487052	0.972	0.972(243)	0(0)
THR	1.9038228880834	0.98	0.98(245)	0(0)
THR	1.9432011274616	0.98	0.98(245)	0(0)
THR	1.9825793668398	0.98	0.98(245)	0(0)
THR	2.021957606218	0.984	0.984(246)	0(0)
THR	2.0613358455962	0.984	0.984(246)	0(0)
THR	2.1007140849744	0.984	0.984(246)	0(0)
THR	2.1400923243526	0.992	0.992(248)	0(0)
THR	2.1794705637308	0.996	0.996(249)	0(0)
THR	2.218848803109	0.996	0.996(249)	0(0)
THR	2.2582270424872	0.996	0.996(249)	0(0)
THR	2.2976052818654	0.996	0.996(249)	0(0)
THR	2.3369835212436	0.996	0.996(249)	0(0)
THR	2.3763617606218	0.996	0.996(249)	0(0)
THR	2.41574	1	1(250)	0(0)


==============================================
THR: 1.3131492974104
Missed:     227/250=0.9080
FalseAlarm: 0/1000=0.0000
----------------------------------------------
==> CostDetection: 90.8
==============================================
dom dic  8 12:53:25 CET 2019
Num_Gauss: 17
dom dic 8 12:58:14 CET 2019: classerr ---
nerr=174	ntot=783	error_rate=22.22%
dom dic  8 12:58:14 CET 2019
dom dic 8 12:59:28 CET 2019: verif_err ---
Threshold search:
THR	-1.77153405848	99	0(0)	1(1000)
THR	-1.7309492178952	98.901	0(0)	0.999(999)
THR	-1.6903643773104	98.901	0(0)	0.999(999)
THR	-1.6497795367256	98.901	0(0)	0.999(999)
THR	-1.6091946961408	98.802	0(0)	0.998(998)
THR	-1.568609855556	98.703	0(0)	0.997(997)
THR	-1.5280250149712	98.703	0(0)	0.997(997)
THR	-1.4874401743864	98.604	0(0)	0.996(996)
THR	-1.4468553338016	98.604	0(0)	0.996(996)
THR	-1.4062704932168	98.604	0(0)	0.996(996)
THR	-1.365685652632	98.505	0(0)	0.995(995)
THR	-1.3251008120472	98.505	0(0)	0.995(995)
THR	-1.2845159714624	98.307	0(0)	0.993(993)
THR	-1.2439311308776	98.307	0(0)	0.993(993)
THR	-1.2033462902928	98.01	0(0)	0.99(990)
THR	-1.162761449708	97.911	0(0)	0.989(989)
THR	-1.1221766091232	97.812	0(0)	0.988(988)
THR	-1.0815917685384	97.218	0(0)	0.982(982)
THR	-1.0410069279536	97.02	0(0)	0.98(980)
THR	-1.0004220873688	97.02	0(0)	0.98(980)
THR	-0.959837246784001	96.426	0(0)	0.974(974)
THR	-0.919252406199201	96.129	0(0)	0.971(971)
THR	-0.878667565614401	95.832	0(0)	0.968(968)
THR	-0.838082725029601	95.436	0(0)	0.964(964)
THR	-0.797497884444801	94.446	0(0)	0.954(954)
THR	-0.756913043860001	93.654	0(0)	0.946(946)
THR	-0.716328203275201	92.862	0(0)	0.938(938)
THR	-0.675743362690401	91.872	0(0)	0.928(928)
THR	-0.635158522105601	90.985	0.004(1)	0.919(919)
THR	-0.594573681520801	89.302	0.004(1)	0.902(902)
THR	-0.553988840936001	88.312	0.004(1)	0.892(892)
THR	-0.513404000351201	85.639	0.004(1)	0.865(865)
THR	-0.472819159766401	83.263	0.004(1)	0.841(841)
THR	-0.432234319181601	80.392	0.004(1)	0.812(812)
THR	-0.391649478596801	77.521	0.004(1)	0.783(783)
THR	-0.351064638012001	73.858	0.004(1)	0.746(746)
THR	-0.310479797427201	70.096	0.004(1)	0.708(708)
THR	-0.269894956842401	65.546	0.008(2)	0.662(662)
THR	-0.229310116257601	61.487	0.008(2)	0.621(621)
THR	-0.188725275672801	58.418	0.008(2)	0.59(590)
THR	-0.148140435088001	54.359	0.008(2)	0.549(549)
THR	-0.107555594503201	50.502	0.012(3)	0.51(510)
THR	-0.0669707539184006	46.74	0.012(3)	0.472(472)
THR	-0.0263859133336006	43.679	0.02(5)	0.441(441)
THR	0.0141989272511994	39.434	0.032(8)	0.398(398)
THR	0.0547837678359994	36.187	0.052(13)	0.365(365)
THR	0.0953686084207994	32.057	0.08(20)	0.323(323)
THR	0.135953449005599	28.62	0.108(27)	0.288(288)
THR	0.176538289590399	25.068	0.12(30)	0.252(252)
THR	0.217123130175199	23.314	0.148(37)	0.234(234)
THR	0.257707970759999	20.788	0.196(49)	0.208(208)
THR	0.298292811344799	18.666	0.252(63)	0.186(186)
THR	0.338877651929599	16.429	0.292(73)	0.163(163)
THR	0.379462492514399	14.212	0.352(88)	0.14(140)
THR	0.420047333099199	12.161	0.38(95)	0.119(119)
THR	0.460632173683999	9.524	0.416(104)	0.092(92)
THR	0.501217014268799	8.194	0.472(118)	0.078(78)
THR	0.541801854853599	6.048	0.504(126)	0.056(56)
THR	0.582386695438399	5.712	0.564(141)	0.052(52)
THR	0.6229715360232	4.96	0.604(151)	0.044(44)
THR	0.663556376608	4.636	0.676(169)	0.04(40)
THR	0.7041412171928	4.165	0.7(175)	0.035(35)
THR	0.7447260577776	3.595	0.724(181)	0.029(29)
THR	0.7853108983624	2.815	0.736(184)	0.021(21)
THR	0.8258957389472	2.237	0.752(188)	0.015(15)
THR	0.866480579532	1.865	0.776(194)	0.011(11)
THR	0.9070654201168	1.596	0.804(201)	0.008(8)
THR	0.9476502607016	1.426	0.832(208)	0.006(6)
THR	0.9882351012864	1.228	0.832(208)	0.004(4)
THR	1.0288199418712	1.24	0.844(211)	0.004(4)
THR	1.069404782456	1.161	0.864(216)	0.003(3)
THR	1.1099896230408	1.062	0.864(216)	0.002(2)
THR	1.1505744636256	0.975	0.876(219)	0.001(1)
THR	1.1911593042104	0.983	0.884(221)	0.001(1)
THR	1.2317441447952	0.983	0.884(221)	0.001(1)
THR	1.27232898538	0.888	0.888(222)	0(0)
THR	1.3129138259648	0.9	0.9(225)	0(0)
THR	1.3534986665496	0.908	0.908(227)	0(0)
THR	1.3940835071344	0.916	0.916(229)	0(0)
THR	1.4346683477192	0.92	0.92(230)	0(0)
THR	1.475253188304	0.924	0.924(231)	0(0)
THR	1.5158380288888	0.936	0.936(234)	0(0)
THR	1.5564228694736	0.94	0.94(235)	0(0)
THR	1.5970077100584	0.952	0.952(238)	0(0)
THR	1.6375925506432	0.96	0.96(240)	0(0)
THR	1.678177391228	0.972	0.972(243)	0(0)
THR	1.7187622318128	0.972	0.972(243)	0(0)
THR	1.7593470723976	0.976	0.976(244)	0(0)
THR	1.7999319129824	0.98	0.98(245)	0(0)
THR	1.8405167535672	0.98	0.98(245)	0(0)
THR	1.881101594152	0.98	0.98(245)	0(0)
THR	1.9216864347368	0.98	0.98(245)	0(0)
THR	1.9622712753216	0.984	0.984(246)	0(0)
THR	2.0028561159064	0.988	0.988(247)	0(0)
THR	2.0434409564912	0.988	0.988(247)	0(0)
THR	2.084025797076	0.988	0.988(247)	0(0)
THR	2.1246106376608	0.996	0.996(249)	0(0)
THR	2.1651954782456	0.996	0.996(249)	0(0)
THR	2.2057803188304	0.996	0.996(249)	0(0)
THR	2.2463651594152	0.996	0.996(249)	0(0)
THR	2.28695	0.996	0.996(249)	0(0)
THR	2.3275348405848	1	1(250)	0(0)


==============================================
THR: 1.27232898538
Missed:     222/250=0.8880
FalseAlarm: 0/1000=0.0000
----------------------------------------------
==> CostDetection: 88.8
==============================================
dom dic  8 12:59:28 CET 2019
Num_Gauss: 18
dom dic 8 13:04:49 CET 2019: classerr ---
nerr=188	ntot=780	error_rate=24.10%
dom dic  8 13:04:49 CET 2019
dom dic 8 13:05:56 CET 2019: verif_err ---
Threshold search:
THR	-1.66146398589	99	0(0)	1(1000)
THR	-1.6216050460311	98.901	0(0)	0.999(999)
THR	-1.5817461061722	98.901	0(0)	0.999(999)
THR	-1.5418871663133	98.802	0(0)	0.998(998)
THR	-1.5020282264544	98.802	0(0)	0.998(998)
THR	-1.4621692865955	98.604	0(0)	0.996(996)
THR	-1.4223103467366	98.604	0(0)	0.996(996)
THR	-1.3824514068777	98.604	0(0)	0.996(996)
THR	-1.3425924670188	98.505	0(0)	0.995(995)
THR	-1.3027335271599	98.307	0(0)	0.993(993)
THR	-1.262874587301	98.307	0(0)	0.993(993)
THR	-1.2230156474421	97.812	0(0)	0.988(988)
THR	-1.1831567075832	97.713	0(0)	0.987(987)
THR	-1.1432977677243	97.416	0(0)	0.984(984)
THR	-1.1034388278654	97.218	0(0)	0.982(982)
THR	-1.0635798880065	96.921	0(0)	0.979(979)
THR	-1.0237209481476	96.723	0(0)	0.977(977)
THR	-0.9838620082887	96.129	0(0)	0.971(971)
THR	-0.9440030684298	96.03	0(0)	0.97(970)
THR	-0.9041441285709	95.436	0(0)	0.964(964)
THR	-0.864285188712	94.941	0(0)	0.959(959)
THR	-0.8244262488531	94.347	0(0)	0.953(953)
THR	-0.7845673089942	93.06	0(0)	0.94(940)
THR	-0.7447083691353	92.565	0(0)	0.935(935)
THR	-0.7048494292764	91.777	0.004(1)	0.927(927)
THR	-0.6649904894175	90.985	0.004(1)	0.919(919)
THR	-0.6251315495586	89.698	0.004(1)	0.906(906)
THR	-0.5852726096997	88.114	0.004(1)	0.89(890)
THR	-0.5454136698408	86.233	0.004(1)	0.871(871)
THR	-0.5055547299819	83.164	0.004(1)	0.84(840)
THR	-0.465695790123	80.887	0.004(1)	0.817(817)
THR	-0.4258368502641	78.115	0.004(1)	0.789(789)
THR	-0.3859779104052	75.842	0.008(2)	0.766(766)
THR	-0.3461189705463	71.585	0.008(2)	0.723(723)
THR	-0.3062600306874	67.229	0.008(2)	0.679(679)
THR	-0.2664010908285	63.665	0.008(2)	0.643(643)
THR	-0.2265421509696	61.19	0.008(2)	0.618(618)
THR	-0.1866832111107	56.933	0.008(2)	0.575(575)
THR	-0.1468242712518	52.779	0.012(3)	0.533(533)
THR	-0.1069653313929	48.819	0.012(3)	0.493(493)
THR	-0.0671063915340004	45.956	0.02(5)	0.464(464)
THR	-0.0272474516751004	42.503	0.032(8)	0.429(429)
THR	0.0126114881837995	38.963	0.056(14)	0.393(393)
THR	0.0524704280426995	35.225	0.08(20)	0.355(355)
THR	0.0923293679015995	32.461	0.088(22)	0.327(327)
THR	0.1321883077605	30.414	0.12(30)	0.306(306)
THR	0.1720472476194	26.276	0.14(35)	0.264(264)
THR	0.2119061874783	22.942	0.172(43)	0.23(230)
THR	0.2517651273372	20.887	0.196(49)	0.209(209)
THR	0.2916240671961	18.658	0.244(61)	0.186(186)
THR	0.331483007055	16.227	0.288(72)	0.161(161)
THR	0.371341946913899	13.99	0.328(82)	0.138(138)
THR	0.411200886772799	11.951	0.368(92)	0.117(117)
THR	0.451059826631699	10.015	0.412(103)	0.097(97)
THR	0.490918766490599	8.265	0.444(111)	0.079(79)
THR	0.5307777063495	6.8	0.464(116)	0.064(64)
THR	0.570636646208399	6.163	0.52(130)	0.057(57)
THR	0.610495586067299	5.72	0.572(143)	0.052(52)
THR	0.650354525926199	4.568	0.608(152)	0.04(40)
THR	0.690213465785099	4.216	0.652(163)	0.036(36)
THR	0.730072405643999	3.254	0.68(170)	0.026(26)
THR	0.769931345502899	3.183	0.708(177)	0.025(25)
THR	0.809790285361799	2.724	0.744(186)	0.02(20)
THR	0.849649225220699	2.146	0.76(190)	0.014(14)
THR	0.889508165079599	1.758	0.768(192)	0.01(10)
THR	0.929367104938499	1.699	0.808(202)	0.009(9)
THR	0.969226044797399	1.414	0.82(205)	0.006(6)
THR	1.0090849846563	1.228	0.832(208)	0.004(4)
THR	1.0489439245152	1.236	0.84(210)	0.004(4)
THR	1.0888028643741	1.248	0.852(213)	0.004(4)
THR	1.128661804233	1.26	0.864(216)	0.004(4)
THR	1.1685207440919	1.074	0.876(219)	0.002(2)
THR	1.2083796839508	0.979	0.88(220)	0.001(1)
THR	1.2482386238097	0.979	0.88(220)	0.001(1)
THR	1.2880975636686	0.884	0.884(221)	0(0)
THR	1.3279565035275	0.888	0.888(222)	0(0)
THR	1.3678154433864	0.904	0.904(226)	0(0)
THR	1.4076743832453	0.916	0.916(229)	0(0)
THR	1.4475333231042	0.92	0.92(230)	0(0)
THR	1.4873922629631	0.928	0.928(232)	0(0)
THR	1.527251202822	0.936	0.936(234)	0(0)
THR	1.5671101426809	0.944	0.944(236)	0(0)
THR	1.6069690825398	0.948	0.948(237)	0(0)
THR	1.6468280223987	0.96	0.96(240)	0(0)
THR	1.6866869622576	0.96	0.96(240)	0(0)
THR	1.7265459021165	0.968	0.968(242)	0(0)
THR	1.7664048419754	0.968	0.968(242)	0(0)
THR	1.8062637818343	0.976	0.976(244)	0(0)
THR	1.8461227216932	0.98	0.98(245)	0(0)
THR	1.8859816615521	0.98	0.98(245)	0(0)
THR	1.925840601411	0.98	0.98(245)	0(0)
THR	1.9656995412699	0.984	0.984(246)	0(0)
THR	2.0055584811288	0.984	0.984(246)	0(0)
THR	2.0454174209877	0.984	0.984(246)	0(0)
THR	2.0852763608466	0.992	0.992(248)	0(0)
THR	2.1251353007055	0.992	0.992(248)	0(0)
THR	2.1649942405644	0.992	0.992(248)	0(0)
THR	2.2048531804233	0.996	0.996(249)	0(0)
THR	2.2447121202822	0.996	0.996(249)	0(0)
THR	2.2845710601411	0.996	0.996(249)	0(0)
THR	2.32443	1	1(250)	0(0)


==============================================
THR: 1.2880975636686
Missed:     221/250=0.8840
FalseAlarm: 0/1000=0.0000
----------------------------------------------
==> CostDetection: 88.4
==============================================
dom dic  8 13:05:56 CET 2019
Num_Gauss: 19
dom dic 8 13:11:50 CET 2019: classerr ---
nerr=177	ntot=781	error_rate=22.66%
dom dic  8 13:11:50 CET 2019
dom dic 8 13:12:55 CET 2019: verif_err ---
Threshold search:
THR	-1.62120386061	99	0(0)	1(1000)
THR	-1.5825977220039	98.901	0(0)	0.999(999)
THR	-1.5439915833978	98.802	0(0)	0.998(998)
THR	-1.5053854447917	98.802	0(0)	0.998(998)
THR	-1.4667793061856	98.703	0(0)	0.997(997)
THR	-1.4281731675795	98.703	0(0)	0.997(997)
THR	-1.3895670289734	98.604	0(0)	0.996(996)
THR	-1.3509608903673	98.505	0(0)	0.995(995)
THR	-1.3123547517612	98.406	0(0)	0.994(994)
THR	-1.2737486131551	98.109	0(0)	0.991(991)
THR	-1.235142474549	97.911	0(0)	0.989(989)
THR	-1.1965363359429	97.911	0(0)	0.989(989)
THR	-1.1579301973368	97.911	0(0)	0.989(989)
THR	-1.1193240587307	97.812	0(0)	0.988(988)
THR	-1.0807179201246	97.515	0(0)	0.985(985)
THR	-1.0421117815185	97.119	0(0)	0.981(981)
THR	-1.0035056429124	96.822	0(0)	0.978(978)
THR	-0.964899504306299	96.525	0(0)	0.975(975)
THR	-0.926293365700199	96.426	0(0)	0.974(974)
THR	-0.887687227094099	96.129	0(0)	0.971(971)
THR	-0.849081088487999	95.733	0(0)	0.967(967)
THR	-0.810474949881899	95.04	0(0)	0.96(960)
THR	-0.771868811275799	93.852	0(0)	0.948(948)
THR	-0.733262672669699	93.258	0(0)	0.942(942)
THR	-0.694656534063599	92.367	0(0)	0.933(933)
THR	-0.656050395457499	90.981	0(0)	0.919(919)
THR	-0.617444256851399	89.991	0(0)	0.909(909)
THR	-0.578838118245299	88.011	0(0)	0.889(889)
THR	-0.540231979639199	86.134	0.004(1)	0.87(870)
THR	-0.501625841033099	84.847	0.004(1)	0.857(857)
THR	-0.463019702426999	82.867	0.004(1)	0.837(837)
THR	-0.424413563820899	80.095	0.004(1)	0.809(809)
THR	-0.385807425214799	77.125	0.004(1)	0.779(779)
THR	-0.347201286608699	73.957	0.004(1)	0.747(747)
THR	-0.308595148002599	70.492	0.004(1)	0.712(712)
THR	-0.269989009396499	66.532	0.004(1)	0.672(672)
THR	-0.231382870790399	63.265	0.004(1)	0.639(639)
THR	-0.192776732184299	58.315	0.004(1)	0.589(589)
THR	-0.154170593578199	55.048	0.004(1)	0.556(556)
THR	-0.115564454972099	51.092	0.008(2)	0.516(516)
THR	-0.0769583163659991	48.229	0.016(4)	0.487(487)
THR	-0.0383521777598991	43.972	0.016(4)	0.444(444)
THR	0.000253960846200885	39.521	0.02(5)	0.399(399)
THR	0.0388600994523009	35.882	0.044(11)	0.362(362)
THR	0.0774662380584009	32.817	0.048(12)	0.331(331)
THR	0.116072376664501	30.061	0.064(16)	0.303(303)
THR	0.154678515270601	27.412	0.088(22)	0.276(276)
THR	0.193284653876701	24.573	0.12(30)	0.247(247)
THR	0.231890792482801	22.51	0.136(34)	0.226(226)
THR	0.270496931088901	20.566	0.172(43)	0.206(206)
THR	0.309103069695001	17.913	0.192(48)	0.179(179)
THR	0.347709208301101	15.098	0.248(62)	0.15(150)
THR	0.386315346907201	13.562	0.296(74)	0.134(134)
THR	0.424921485513301	11.511	0.324(81)	0.113(113)
THR	0.463527624119401	10.189	0.388(97)	0.099(99)
THR	0.502133762725501	8.249	0.428(107)	0.079(79)
THR	0.540739901331601	6.903	0.468(117)	0.065(65)
THR	0.579346039937701	6.246	0.504(126)	0.058(58)
THR	0.617952178543801	5.395	0.544(136)	0.049(49)
THR	0.656558317149901	4.449	0.588(147)	0.039(39)
THR	0.695164455756001	3.883	0.616(154)	0.033(33)
THR	0.733770594362101	3.424	0.652(163)	0.028(28)
THR	0.772376732968201	2.759	0.68(170)	0.021(21)
THR	0.810982871574301	2.284	0.7(175)	0.016(16)
THR	0.849589010180401	2.019	0.732(183)	0.013(13)
THR	0.888195148786501	1.944	0.756(189)	0.012(12)
THR	0.926801287392601	1.671	0.78(195)	0.009(9)
THR	0.965407425998701	1.592	0.8(200)	0.008(8)
THR	1.0040135646048	1.402	0.808(202)	0.006(6)
THR	1.0426197032109	1.315	0.82(205)	0.005(5)
THR	1.081225841817	1.228	0.832(208)	0.004(4)
THR	1.1198319804231	1.145	0.848(212)	0.003(3)
THR	1.1584381190292	1.062	0.864(216)	0.002(2)
THR	1.1970442576353	1.066	0.868(217)	0.002(2)
THR	1.2356503962414	1.07	0.872(218)	0.002(2)
THR	1.2742565348475	0.983	0.884(221)	0.001(1)
THR	1.3128626734536	0.983	0.884(221)	0.001(1)
THR	1.3514688120597	0.995	0.896(224)	0.001(1)
THR	1.3900749506658	0.999	0.9(225)	0.001(1)
THR	1.4286810892719	0.912	0.912(228)	0(0)
THR	1.467287227878	0.916	0.916(229)	0(0)
THR	1.5058933664841	0.924	0.924(231)	0(0)
THR	1.5444995050902	0.932	0.932(233)	0(0)
THR	1.5831056436963	0.94	0.94(235)	0(0)
THR	1.6217117823024	0.944	0.944(236)	0(0)
THR	1.6603179209085	0.948	0.948(237)	0(0)
THR	1.6989240595146	0.96	0.96(240)	0(0)
THR	1.7375301981207	0.964	0.964(241)	0(0)
THR	1.7761363367268	0.972	0.972(243)	0(0)
THR	1.8147424753329	0.976	0.976(244)	0(0)
THR	1.853348613939	0.98	0.98(245)	0(0)
THR	1.8919547525451	0.98	0.98(245)	0(0)
THR	1.9305608911512	0.98	0.98(245)	0(0)
THR	1.9691670297573	0.98	0.98(245)	0(0)
THR	2.0077731683634	0.984	0.984(246)	0(0)
THR	2.0463793069695	0.984	0.984(246)	0(0)
THR	2.0849854455756	0.988	0.988(247)	0(0)
THR	2.1235915841817	0.996	0.996(249)	0(0)
THR	2.1621977227878	0.996	0.996(249)	0(0)
THR	2.2008038613939	0.996	0.996(249)	0(0)
THR	2.23941	1	1(250)	0(0)


==============================================
THR: 1.4286810892719
Missed:     228/250=0.9120
FalseAlarm: 0/1000=0.0000
----------------------------------------------
==> CostDetection: 91.2
==============================================
dom dic  8 13:12:55 CET 2019
Num_Gauss: 20
dom dic 8 13:19:11 CET 2019: classerr ---
nerr=154	ntot=784	error_rate=19.64%
dom dic  8 13:19:11 CET 2019
dom dic 8 13:20:43 CET 2019: verif_err ---
Threshold search:
THR	-1.6458438316	99	0(0)	1(1000)
THR	-1.607527793284	98.901	0(0)	0.999(999)
THR	-1.569211754968	98.802	0(0)	0.998(998)
THR	-1.530895716652	98.802	0(0)	0.998(998)
THR	-1.492579678336	98.802	0(0)	0.998(998)
THR	-1.45426364002	98.802	0(0)	0.998(998)
THR	-1.415947601704	98.604	0(0)	0.996(996)
THR	-1.377631563388	98.505	0(0)	0.995(995)
THR	-1.339315525072	98.208	0(0)	0.992(992)
THR	-1.300999486756	98.109	0(0)	0.991(991)
THR	-1.26268344844	98.01	0(0)	0.99(990)
THR	-1.224367410124	97.911	0(0)	0.989(989)
THR	-1.186051371808	97.911	0(0)	0.989(989)
THR	-1.147735333492	97.911	0(0)	0.989(989)
THR	-1.109419295176	97.812	0(0)	0.988(988)
THR	-1.07110325686	97.614	0(0)	0.986(986)
THR	-1.032787218544	97.218	0(0)	0.982(982)
THR	-0.994471180228001	97.02	0(0)	0.98(980)
THR	-0.956155141912001	96.822	0(0)	0.978(978)
THR	-0.917839103596001	96.129	0(0)	0.971(971)
THR	-0.879523065280001	95.733	0(0)	0.967(967)
THR	-0.841207026964001	95.436	0(0)	0.964(964)
THR	-0.802890988648001	94.941	0(0)	0.959(959)
THR	-0.764574950332001	94.149	0(0)	0.951(951)
THR	-0.726258912016001	93.159	0(0)	0.941(941)
THR	-0.687942873700001	91.674	0(0)	0.926(926)
THR	-0.649626835384001	90.882	0(0)	0.918(918)
THR	-0.611310797068001	88.704	0(0)	0.896(896)
THR	-0.572994758752001	86.922	0(0)	0.878(878)
THR	-0.534678720436002	85.536	0(0)	0.864(864)
THR	-0.496362682120002	83.655	0(0)	0.845(845)
THR	-0.458046643804002	81.18	0(0)	0.82(820)
THR	-0.419730605488002	78.61	0.004(1)	0.794(794)
THR	-0.381414567172002	75.343	0.004(1)	0.761(761)
THR	-0.343098528856002	72.868	0.004(1)	0.736(736)
THR	-0.304782490540002	69.007	0.004(1)	0.697(697)
THR	-0.266466452224002	65.542	0.004(1)	0.662(662)
THR	-0.228150413908002	61.384	0.004(1)	0.62(620)
THR	-0.189834375592002	57.424	0.004(1)	0.58(580)
THR	-0.151518337276002	54.256	0.004(1)	0.548(548)
THR	-0.113202298960002	50.205	0.012(3)	0.507(507)
THR	-0.0748862606440015	47.536	0.016(4)	0.48(480)
THR	-0.0365702223280015	43.283	0.02(5)	0.437(437)
THR	0.0017458159879985	39.917	0.02(5)	0.403(403)
THR	0.0400618543039985	35.771	0.032(8)	0.361(361)
THR	0.0783778926199985	32.916	0.048(12)	0.332(332)
THR	0.116693930935999	29.055	0.048(12)	0.293(293)
THR	0.155009969251999	26.105	0.068(17)	0.263(263)
THR	0.193326007567999	23.745	0.084(21)	0.239(239)
THR	0.231642045883999	21.813	0.132(33)	0.219(219)
THR	0.269958084199999	19.667	0.164(41)	0.197(197)
THR	0.308274122515999	18.226	0.208(52)	0.182(182)
THR	0.346590160831999	15.692	0.248(62)	0.156(156)
THR	0.384906199147999	13.641	0.276(69)	0.135(135)
THR	0.423222237463999	11.614	0.328(82)	0.114(114)
THR	0.461538275779999	9.892	0.388(97)	0.096(96)
THR	0.499854314095999	8.637	0.42(105)	0.083(83)
THR	0.538170352411999	7.105	0.472(118)	0.067(67)
THR	0.576486390727998	5.854	0.508(127)	0.054(54)
THR	0.614802429043998	5.391	0.54(135)	0.049(49)
THR	0.653118467359998	4.619	0.56(140)	0.041(41)
THR	0.691434505675998	3.867	0.6(150)	0.033(33)
THR	0.729750543991998	3.412	0.64(160)	0.028(28)
THR	0.768066582307998	2.751	0.672(168)	0.021(21)
THR	0.806382620623998	2.466	0.684(171)	0.018(18)
THR	0.844698658939998	1.991	0.704(176)	0.013(13)
THR	0.883014697255998	1.821	0.732(183)	0.011(11)
THR	0.921330735571998	1.643	0.752(188)	0.009(9)
THR	0.959646773887998	1.465	0.772(193)	0.007(7)
THR	0.997962812203998	1.485	0.792(198)	0.007(7)
THR	1.03627885052	1.299	0.804(201)	0.005(5)
THR	1.074594888836	1.22	0.824(206)	0.004(4)
THR	1.112910927152	1.24	0.844(211)	0.004(4)
THR	1.151226965468	1.252	0.856(214)	0.004(4)
THR	1.189543003784	1.054	0.856(214)	0.002(2)
THR	1.2278590421	1.07	0.872(218)	0.002(2)
THR	1.266175080416	1.074	0.876(219)	0.002(2)
THR	1.304491118732	1.082	0.884(221)	0.002(2)
THR	1.342807157048	0.999	0.9(225)	0.001(1)
THR	1.381123195364	1.003	0.904(226)	0.001(1)
THR	1.41943923368	1.011	0.912(228)	0.001(1)
THR	1.457755271996	1.011	0.912(228)	0.001(1)
THR	1.496071310312	0.916	0.916(229)	0(0)
THR	1.534387348628	0.92	0.92(230)	0(0)
THR	1.572703386944	0.92	0.92(230)	0(0)
THR	1.61101942526	0.928	0.928(232)	0(0)
THR	1.649335463576	0.944	0.944(236)	0(0)
THR	1.687651501892	0.952	0.952(238)	0(0)
THR	1.725967540208	0.96	0.96(240)	0(0)
THR	1.764283578524	0.968	0.968(242)	0(0)
THR	1.80259961684	0.972	0.972(243)	0(0)
THR	1.840915655156	0.976	0.976(244)	0(0)
THR	1.879231693472	0.976	0.976(244)	0(0)
THR	1.917547731788	0.98	0.98(245)	0(0)
THR	1.955863770104	0.98	0.98(245)	0(0)
THR	1.99417980842	0.98	0.98(245)	0(0)
THR	2.032495846736	0.984	0.984(246)	0(0)
THR	2.070811885052	0.988	0.988(247)	0(0)
THR	2.109127923368	0.992	0.992(248)	0(0)
THR	2.147443961684	0.996	0.996(249)	0(0)
THR	2.18576	0.996	0.996(249)	0(0)
THR	2.224076038316	1	1(250)	0(0)


==============================================
THR: 1.496071310312
Missed:     229/250=0.9160
FalseAlarm: 0/1000=0.0000
----------------------------------------------
==> CostDetection: 91.6
==============================================
dom dic  8 13:20:43 CET 2019
Num_Gauss: 21
dom dic 8 13:27:22 CET 2019: classerr ---
nerr=144	ntot=785	error_rate=18.34%
dom dic  8 13:27:22 CET 2019
dom dic 8 13:28:41 CET 2019: verif_err ---
Threshold search:
THR	-1.89762405005	99	0(0)	1(1000)
THR	-1.8571235095495	98.901	0(0)	0.999(999)
THR	-1.816622969049	98.802	0(0)	0.998(998)
THR	-1.7761224285485	98.802	0(0)	0.998(998)
THR	-1.735621888048	98.802	0(0)	0.998(998)
THR	-1.6951213475475	98.802	0(0)	0.998(998)
THR	-1.654620807047	98.703	0(0)	0.997(997)
THR	-1.6141202665465	98.604	0(0)	0.996(996)
THR	-1.573619726046	98.505	0(0)	0.995(995)
THR	-1.5331191855455	98.505	0(0)	0.995(995)
THR	-1.492618645045	98.505	0(0)	0.995(995)
THR	-1.4521181045445	98.406	0(0)	0.994(994)
THR	-1.411617564044	98.406	0(0)	0.994(994)
THR	-1.3711170235435	98.307	0(0)	0.993(993)
THR	-1.330616483043	98.01	0(0)	0.99(990)
THR	-1.2901159425425	97.911	0(0)	0.989(989)
THR	-1.249615402042	97.812	0(0)	0.988(988)
THR	-1.2091148615415	97.515	0(0)	0.985(985)
THR	-1.168614321041	97.515	0(0)	0.985(985)
THR	-1.1281137805405	97.218	0(0)	0.982(982)
THR	-1.08761324004	97.02	0(0)	0.98(980)
THR	-1.0471126995395	96.723	0(0)	0.977(977)
THR	-1.006612159039	96.624	0(0)	0.976(976)
THR	-0.966111618538502	96.228	0(0)	0.972(972)
THR	-0.925611078038002	95.634	0(0)	0.966(966)
THR	-0.885110537537502	95.238	0(0)	0.962(962)
THR	-0.844609997037002	94.644	0(0)	0.956(956)
THR	-0.804109456536502	93.852	0(0)	0.948(948)
THR	-0.763608916036002	93.159	0(0)	0.941(941)
THR	-0.723108375535502	91.872	0(0)	0.928(928)
THR	-0.682607835035002	90.486	0(0)	0.914(914)
THR	-0.642107294534502	88.209	0(0)	0.891(891)
THR	-0.601606754034002	86.526	0(0)	0.874(874)
THR	-0.561106213533502	85.14	0(0)	0.86(860)
THR	-0.520605673033002	82.764	0(0)	0.836(836)
THR	-0.480105132532502	79.992	0(0)	0.808(808)
THR	-0.439604592032002	76.23	0(0)	0.77(770)
THR	-0.399104051531502	73.363	0.004(1)	0.741(741)
THR	-0.358603511031002	69.502	0.004(1)	0.702(702)
THR	-0.318102970530502	65.74	0.004(1)	0.664(664)
THR	-0.277602430030002	61.582	0.004(1)	0.622(622)
THR	-0.237101889529502	57.424	0.004(1)	0.58(580)
THR	-0.196601349029002	54.359	0.008(2)	0.549(549)
THR	-0.156100808528502	50.498	0.008(2)	0.51(510)
THR	-0.115600268028002	47.433	0.012(3)	0.479(479)
THR	-0.0750997275275022	42.784	0.016(4)	0.432(432)
THR	-0.0345991870270022	38.939	0.032(8)	0.393(393)
THR	0.00590135347349784	35.577	0.036(9)	0.359(359)
THR	0.0464018939739978	32.211	0.036(9)	0.325(325)
THR	0.0869024344744978	29.649	0.048(12)	0.299(299)
THR	0.127402974974998	26.006	0.068(17)	0.262(262)
THR	0.167903515475498	24.47	0.116(29)	0.246(246)
THR	0.208404055975998	21.441	0.156(39)	0.215(215)
THR	0.248904596476498	19.481	0.176(44)	0.195(195)
THR	0.289405136976998	17.533	0.208(52)	0.175(175)
THR	0.329905677477498	14.789	0.236(59)	0.147(147)
THR	0.370406217977998	13.134	0.264(66)	0.13(130)
THR	0.410906758478498	11.408	0.32(80)	0.112(112)
THR	0.451407298978998	9.591	0.384(96)	0.093(93)
THR	0.491907839479498	8.142	0.42(105)	0.078(78)
THR	0.532408379979998	6.796	0.46(115)	0.064(64)
THR	0.572908920480498	5.557	0.508(127)	0.051(51)
THR	0.613409460980998	4.702	0.544(136)	0.042(42)
THR	0.653910001481498	4.033	0.568(142)	0.035(35)
THR	0.694410541981998	3.087	0.612(153)	0.025(25)
THR	0.734911082482498	2.628	0.648(162)	0.02(20)
THR	0.775411622982998	2.268	0.684(171)	0.016(16)
THR	0.815912163483498	1.983	0.696(174)	0.013(13)
THR	0.856412703983998	1.797	0.708(177)	0.011(11)
THR	0.896913244484498	1.714	0.724(181)	0.01(10)
THR	0.937413784984998	1.544	0.752(188)	0.008(8)
THR	0.977914325485498	1.37	0.776(194)	0.006(6)
THR	1.018414865986	1.382	0.788(197)	0.006(6)
THR	1.0589154064865	1.212	0.816(204)	0.004(4)
THR	1.099415946987	1.137	0.84(210)	0.003(3)
THR	1.1399164874875	1.137	0.84(210)	0.003(3)
THR	1.180417027988	1.145	0.848(212)	0.003(3)
THR	1.2209175684885	1.066	0.868(217)	0.002(2)
THR	1.261418108989	1.07	0.872(218)	0.002(2)
THR	1.3019186494895	1.086	0.888(222)	0.002(2)
THR	1.34241918999	1.094	0.896(224)	0.002(2)
THR	1.3829197304905	1.11	0.912(228)	0.002(2)
THR	1.423420270991	0.916	0.916(229)	0(0)
THR	1.4639208114915	0.916	0.916(229)	0(0)
THR	1.504421351992	0.916	0.916(229)	0(0)
THR	1.5449218924925	0.924	0.924(231)	0(0)
THR	1.585422432993	0.94	0.94(235)	0(0)
THR	1.6259229734935	0.944	0.944(236)	0(0)
THR	1.666423513994	0.952	0.952(238)	0(0)
THR	1.7069240544945	0.96	0.96(240)	0(0)
THR	1.747424594995	0.964	0.964(241)	0(0)
THR	1.7879251354955	0.968	0.968(242)	0(0)
THR	1.828425675996	0.976	0.976(244)	0(0)
THR	1.8689262164965	0.98	0.98(245)	0(0)
THR	1.909426756997	0.98	0.98(245)	0(0)
THR	1.9499272974975	0.98	0.98(245)	0(0)
THR	1.990427837998	0.98	0.98(245)	0(0)
THR	2.0309283784985	0.984	0.984(246)	0(0)
THR	2.071428918999	0.992	0.992(248)	0(0)
THR	2.1119294594995	0.992	0.992(248)	0(0)
THR	2.15243	0.996	0.996(249)	0(0)
THR	2.1929305405005	1	1(250)	0(0)


==============================================
THR: 1.423420270991
Missed:     229/250=0.9160
FalseAlarm: 0/1000=0.0000
----------------------------------------------
==> CostDetection: 91.6
==============================================
dom dic  8 13:28:41 CET 2019
Num_Gauss: 22
dom dic 8 13:36:27 CET 2019: classerr ---
nerr=130	ntot=783	error_rate=16.60%
dom dic  8 13:36:27 CET 2019
dom dic 8 13:38:16 CET 2019: verif_err ---
Threshold search:
THR	-1.824983959	99	0(0)	1(1000)
THR	-1.78539391941	98.901	0(0)	0.999(999)
THR	-1.74580387982	98.802	0(0)	0.998(998)
THR	-1.70621384023	98.802	0(0)	0.998(998)
THR	-1.66662380064	98.802	0(0)	0.998(998)
THR	-1.62703376105	98.703	0(0)	0.997(997)
THR	-1.58744372146	98.703	0(0)	0.997(997)
THR	-1.54785368187	98.604	0(0)	0.996(996)
THR	-1.50826364228	98.505	0(0)	0.995(995)
THR	-1.46867360269	98.505	0(0)	0.995(995)
THR	-1.4290835631	98.307	0(0)	0.993(993)
THR	-1.38949352351	98.307	0(0)	0.993(993)
THR	-1.34990348392	98.307	0(0)	0.993(993)
THR	-1.31031344433	98.109	0(0)	0.991(991)
THR	-1.27072340474	98.01	0(0)	0.99(990)
THR	-1.23113336515	97.911	0(0)	0.989(989)
THR	-1.19154332556	97.515	0(0)	0.985(985)
THR	-1.15195328597	97.515	0(0)	0.985(985)
THR	-1.11236324638	97.317	0(0)	0.983(983)
THR	-1.07277320679	97.317	0(0)	0.983(983)
THR	-1.0331831672	96.921	0(0)	0.979(979)
THR	-0.993593127610001	96.822	0(0)	0.978(978)
THR	-0.954003088020001	96.129	0(0)	0.971(971)
THR	-0.914413048430001	96.03	0(0)	0.97(970)
THR	-0.874823008840001	95.139	0(0)	0.961(961)
THR	-0.835232969250001	94.644	0(0)	0.956(956)
THR	-0.795642929660001	93.951	0(0)	0.949(949)
THR	-0.756052890070001	93.159	0(0)	0.941(941)
THR	-0.716462850480001	91.773	0(0)	0.927(927)
THR	-0.676872810890001	90.585	0(0)	0.915(915)
THR	-0.637282771300001	88.803	0(0)	0.897(897)
THR	-0.597692731710001	86.922	0(0)	0.878(878)
THR	-0.558102692120001	84.348	0(0)	0.852(852)
THR	-0.518512652530001	82.269	0(0)	0.831(831)
THR	-0.478922612940001	79.695	0(0)	0.805(805)
THR	-0.439332573350001	76.428	0(0)	0.772(772)
THR	-0.399742533760001	73.066	0.004(1)	0.738(738)
THR	-0.360152494170001	69.799	0.004(1)	0.705(705)
THR	-0.320562454580001	65.344	0.004(1)	0.66(660)
THR	-0.280972414990001	61.879	0.004(1)	0.625(625)
THR	-0.241382375400001	57.725	0.008(2)	0.583(583)
THR	-0.201792335810001	54.557	0.008(2)	0.551(551)
THR	-0.162202296220001	51.29	0.008(2)	0.518(518)
THR	-0.122612256630001	47.528	0.008(2)	0.48(480)
THR	-0.0830222170400013	44.17	0.016(4)	0.446(446)
THR	-0.0434321774500013	40.012	0.016(4)	0.404(404)
THR	-0.00384213786000132	37.058	0.032(8)	0.374(374)
THR	0.0357479017299987	33.894	0.036(9)	0.342(342)
THR	0.0753379413199987	30.726	0.036(9)	0.31(310)
THR	0.114927980909999	28.267	0.052(13)	0.285(285)
THR	0.154518020499999	25.444	0.1(25)	0.256(256)
THR	0.194108060089999	22.7	0.128(32)	0.228(228)
THR	0.233698099679999	20.859	0.168(42)	0.209(209)
THR	0.273288139269999	18.4	0.184(46)	0.184(184)
THR	0.312878178859999	16.06	0.22(55)	0.16(160)
THR	0.352468218449999	14.116	0.256(64)	0.14(140)
THR	0.392058258039999	12.275	0.296(74)	0.121(121)
THR	0.431648297629999	10.43	0.332(83)	0.102(102)
THR	0.471238337219999	9.191	0.38(95)	0.089(89)
THR	0.510828376809999	7.651	0.424(106)	0.073(73)
THR	0.550418416399999	6.511	0.472(118)	0.061(61)
THR	0.590008455989999	5.545	0.496(124)	0.051(51)
THR	0.629598495579999	4.496	0.536(134)	0.04(40)
THR	0.669188535169999	3.542	0.572(143)	0.03(30)
THR	0.708778574759999	2.893	0.616(154)	0.023(23)
THR	0.748368614349999	2.315	0.632(158)	0.017(17)
THR	0.787958653939999	2.153	0.668(167)	0.015(15)
THR	0.827548693529998	1.979	0.692(173)	0.013(13)
THR	0.867138733119998	1.702	0.712(178)	0.01(10)
THR	0.906728772709998	1.512	0.72(180)	0.008(8)
THR	0.946318812299998	1.326	0.732(183)	0.006(6)
THR	0.985908851889998	1.366	0.772(193)	0.006(6)
THR	1.02549889148	1.287	0.792(198)	0.005(5)
THR	1.06508893107	1.295	0.8(200)	0.005(5)
THR	1.10467897066	1.216	0.82(205)	0.004(4)
THR	1.14426901025	1.129	0.832(208)	0.003(3)
THR	1.18385904984	1.046	0.848(212)	0.002(2)
THR	1.22344908943	1.058	0.86(215)	0.002(2)
THR	1.26303912902	1.074	0.876(219)	0.002(2)
THR	1.30262916861	1.086	0.888(222)	0.002(2)
THR	1.3422192082	0.987	0.888(222)	0.001(1)
THR	1.38180924779	1.007	0.908(227)	0.001(1)
THR	1.42139928738	1.011	0.912(228)	0.001(1)
THR	1.46098932697	0.916	0.916(229)	0(0)
THR	1.50057936656	0.92	0.92(230)	0(0)
THR	1.54016940615	0.924	0.924(231)	0(0)
THR	1.57975944574	0.94	0.94(235)	0(0)
THR	1.61934948533	0.94	0.94(235)	0(0)
THR	1.65893952492	0.944	0.944(236)	0(0)
THR	1.69852956451	0.956	0.956(239)	0(0)
THR	1.7381196041	0.96	0.96(240)	0(0)
THR	1.77770964369	0.968	0.968(242)	0(0)
THR	1.81729968328	0.972	0.972(243)	0(0)
THR	1.85688972287	0.972	0.972(243)	0(0)
THR	1.89647976246	0.98	0.98(245)	0(0)
THR	1.93606980205	0.98	0.98(245)	0(0)
THR	1.97565984164	0.98	0.98(245)	0(0)
THR	2.01524988123	0.98	0.98(245)	0(0)
THR	2.05483992082	0.988	0.988(247)	0(0)
THR	2.09442996041	0.988	0.988(247)	0(0)
THR	2.13402	0.996	0.996(249)	0(0)
THR	2.17361003959	1	1(250)	0(0)


==============================================
THR: 1.46098932697
Missed:     229/250=0.9160
FalseAlarm: 0/1000=0.0000
----------------------------------------------
==> CostDetection: 91.6
==============================================
dom dic  8 13:38:16 CET 2019
Num_Gauss: 23
dom dic 8 13:46:45 CET 2019: classerr ---
nerr=133	ntot=783	error_rate=16.99%
dom dic  8 13:46:45 CET 2019
dom dic 8 13:48:41 CET 2019: verif_err ---
Threshold search:
THR	-1.85610399504	99	0(0)	1(1000)
THR	-1.8161535550896	98.802	0(0)	0.998(998)
THR	-1.7762031151392	98.802	0(0)	0.998(998)
THR	-1.7362526751888	98.703	0(0)	0.997(997)
THR	-1.6963022352384	98.703	0(0)	0.997(997)
THR	-1.656351795288	98.703	0(0)	0.997(997)
THR	-1.6164013553376	98.604	0(0)	0.996(996)
THR	-1.5764509153872	98.604	0(0)	0.996(996)
THR	-1.5365004754368	98.406	0(0)	0.994(994)
THR	-1.4965500354864	98.307	0(0)	0.993(993)
THR	-1.456599595536	98.307	0(0)	0.993(993)
THR	-1.4166491555856	98.208	0(0)	0.992(992)
THR	-1.3766987156352	98.208	0(0)	0.992(992)
THR	-1.3367482756848	98.109	0(0)	0.991(991)
THR	-1.2967978357344	98.01	0(0)	0.99(990)
THR	-1.256847395784	97.614	0(0)	0.986(986)
THR	-1.2168969558336	97.515	0(0)	0.985(985)
THR	-1.1769465158832	97.416	0(0)	0.984(984)
THR	-1.1369960759328	97.416	0(0)	0.984(984)
THR	-1.0970456359824	97.119	0(0)	0.981(981)
THR	-1.057095196032	96.921	0(0)	0.979(979)
THR	-1.0171447560816	96.723	0(0)	0.977(977)
THR	-0.977194316131199	96.327	0(0)	0.973(973)
THR	-0.937243876180799	95.931	0(0)	0.969(969)
THR	-0.897293436230399	95.535	0(0)	0.965(965)
THR	-0.857342996279999	94.842	0(0)	0.958(958)
THR	-0.817392556329599	93.753	0(0)	0.947(947)
THR	-0.777442116379199	93.06	0(0)	0.94(940)
THR	-0.737491676428799	92.07	0(0)	0.93(930)
THR	-0.697541236478399	90.684	0(0)	0.916(916)
THR	-0.657590796527999	89.1	0(0)	0.9(900)
THR	-0.617640356577599	86.823	0(0)	0.877(877)
THR	-0.577689916627199	84.843	0(0)	0.857(857)
THR	-0.537739476676799	82.071	0(0)	0.829(829)
THR	-0.497789036726399	79.893	0(0)	0.807(807)
THR	-0.457838596775999	76.329	0(0)	0.771(771)
THR	-0.417888156825599	73.458	0(0)	0.742(742)
THR	-0.377937716875199	69.605	0.008(2)	0.703(703)
THR	-0.337987276924799	65.447	0.008(2)	0.661(661)
THR	-0.298036836974399	62.18	0.008(2)	0.628(628)
THR	-0.258086397023999	59.111	0.008(2)	0.597(597)
THR	-0.218135957073599	55.349	0.008(2)	0.559(559)
THR	-0.178185517123199	51.389	0.008(2)	0.519(519)
THR	-0.138235077172799	48.32	0.008(2)	0.488(488)
THR	-0.0982846372223988	44.067	0.012(3)	0.445(445)
THR	-0.0583341972719988	41.988	0.012(3)	0.424(424)
THR	-0.0183837573215988	38.832	0.024(6)	0.392(392)
THR	0.0215666826288012	34.488	0.036(9)	0.348(348)
THR	0.0615171225792012	31.922	0.044(11)	0.322(322)
THR	0.101467562529601	29.364	0.06(15)	0.296(296)
THR	0.141418002480001	26.018	0.08(20)	0.262(262)
THR	0.181368442430401	23.472	0.108(27)	0.236(236)
THR	0.221318882380801	20.847	0.156(39)	0.209(209)
THR	0.261269322331201	19.188	0.18(45)	0.192(192)
THR	0.301219762281601	17.046	0.216(54)	0.17(170)
THR	0.341170202232001	13.91	0.248(62)	0.138(138)
THR	0.381120642182401	12.16	0.28(70)	0.12(120)
THR	0.421071082132801	10.806	0.312(78)	0.106(106)
THR	0.461021522083201	9.064	0.352(88)	0.088(88)
THR	0.500971962033601	7.437	0.408(102)	0.071(71)
THR	0.540922401984001	6.879	0.444(111)	0.065(65)
THR	0.580872841934401	5.513	0.464(116)	0.051(51)
THR	0.620823281884801	4.765	0.508(127)	0.043(43)
THR	0.660773721835201	4.104	0.54(135)	0.036(36)
THR	0.700724161785601	3.047	0.572(143)	0.025(25)
THR	0.740674601736001	2.382	0.6(150)	0.018(18)
THR	0.780625041686401	2.038	0.652(163)	0.014(14)
THR	0.820575481636801	1.868	0.68(170)	0.012(12)
THR	0.860525921587201	1.599	0.708(177)	0.009(9)
THR	0.900476361537601	1.429	0.736(184)	0.007(7)
THR	0.940426801488002	1.429	0.736(184)	0.007(7)
THR	0.980377241438402	1.354	0.76(190)	0.006(6)
THR	1.0203276813888	1.275	0.78(195)	0.005(5)
THR	1.0602781213392	1.196	0.8(200)	0.004(4)
THR	1.1002285612896	1.216	0.82(205)	0.004(4)
THR	1.14017900124	1.133	0.836(209)	0.003(3)
THR	1.1801294411904	1.042	0.844(211)	0.002(2)
THR	1.2200798811408	1.054	0.856(214)	0.002(2)
THR	1.2600303210912	1.07	0.872(218)	0.002(2)
THR	1.2999807610416	1.082	0.884(221)	0.002(2)
THR	1.339931200992	0.987	0.888(222)	0.001(1)
THR	1.3798816409424	0.995	0.896(224)	0.001(1)
THR	1.4198320808928	0.9	0.9(225)	0(0)
THR	1.4597825208432	0.912	0.912(228)	0(0)
THR	1.4997329607936	0.912	0.912(228)	0(0)
THR	1.539683400744	0.924	0.924(231)	0(0)
THR	1.5796338406944	0.932	0.932(233)	0(0)
THR	1.6195842806448	0.94	0.94(235)	0(0)
THR	1.6595347205952	0.944	0.944(236)	0(0)
THR	1.6994851605456	0.944	0.944(236)	0(0)
THR	1.739435600496	0.948	0.948(237)	0(0)
THR	1.7793860404464	0.972	0.972(243)	0(0)
THR	1.8193364803968	0.972	0.972(243)	0(0)
THR	1.8592869203472	0.98	0.98(245)	0(0)
THR	1.8992373602976	0.98	0.98(245)	0(0)
THR	1.939187800248	0.98	0.98(245)	0(0)
THR	1.9791382401984	0.98	0.98(245)	0(0)
THR	2.0190886801488	0.988	0.988(247)	0(0)
THR	2.0590391200992	0.988	0.988(247)	0(0)
THR	2.0989895600496	0.992	0.992(248)	0(0)
THR	2.13894	1	1(250)	0(0)


==============================================
THR: 1.4198320808928
Missed:     225/250=0.9000
FalseAlarm: 0/1000=0.0000
----------------------------------------------
==> CostDetection: 90.0
==============================================
dom dic  8 13:48:41 CET 2019
Num_Gauss: 24
dom dic 8 13:57:25 CET 2019: classerr ---
nerr=136	ntot=783	error_rate=17.37%
dom dic  8 13:57:25 CET 2019
dom dic 8 13:59:06 CET 2019: verif_err ---
Threshold search:
THR	-1.83040400298	99	0(0)	1(1000)
THR	-1.7903741629502	98.901	0(0)	0.999(999)
THR	-1.7503443229204	98.901	0(0)	0.999(999)
THR	-1.7103144828906	98.901	0(0)	0.999(999)
THR	-1.6702846428608	98.703	0(0)	0.997(997)
THR	-1.630254802831	98.703	0(0)	0.997(997)
THR	-1.5902249628012	98.703	0(0)	0.997(997)
THR	-1.5501951227714	98.604	0(0)	0.996(996)
THR	-1.5101652827416	98.505	0(0)	0.995(995)
THR	-1.4701354427118	98.505	0(0)	0.995(995)
THR	-1.430105602682	98.208	0(0)	0.992(992)
THR	-1.3900757626522	98.208	0(0)	0.992(992)
THR	-1.3500459226224	98.01	0(0)	0.99(990)
THR	-1.3100160825926	97.911	0(0)	0.989(989)
THR	-1.2699862425628	97.911	0(0)	0.989(989)
THR	-1.229956402533	97.812	0(0)	0.988(988)
THR	-1.1899265625032	97.713	0(0)	0.987(987)
THR	-1.1498967224734	97.416	0(0)	0.984(984)
THR	-1.1098668824436	97.218	0(0)	0.982(982)
THR	-1.0698370424138	96.822	0(0)	0.978(978)
THR	-1.029807202384	96.327	0(0)	0.973(973)
THR	-0.989777362354199	95.733	0(0)	0.967(967)
THR	-0.949747522324399	95.535	0(0)	0.965(965)
THR	-0.909717682294599	95.238	0(0)	0.962(962)
THR	-0.869687842264799	93.951	0(0)	0.949(949)
THR	-0.829658002234999	92.466	0(0)	0.934(934)
THR	-0.789628162205199	91.872	0(0)	0.928(928)
THR	-0.749598322175399	90.684	0(0)	0.916(916)
THR	-0.709568482145599	89.397	0(0)	0.903(903)
THR	-0.669538642115799	86.823	0(0)	0.877(877)
THR	-0.629508802085999	85.041	0(0)	0.859(859)
THR	-0.589478962056199	82.863	0(0)	0.837(837)
THR	-0.549449122026399	80.388	0(0)	0.812(812)
THR	-0.509419281996599	77.715	0(0)	0.785(785)
THR	-0.469389441966799	74.349	0(0)	0.751(751)
THR	-0.429359601936999	70.092	0(0)	0.708(708)
THR	-0.389329761907199	66.631	0.004(1)	0.673(673)
THR	-0.349299921877399	63.463	0.004(1)	0.641(641)
THR	-0.309270081847599	60.794	0.008(2)	0.614(614)
THR	-0.269240241817799	57.131	0.008(2)	0.577(577)
THR	-0.229210401787999	52.775	0.008(2)	0.533(533)
THR	-0.189180561758199	49.904	0.008(2)	0.504(504)
THR	-0.149150721728399	47.136	0.012(3)	0.476(476)
THR	-0.109120881698599	43.972	0.016(4)	0.444(444)
THR	-0.0690910416687989	40.515	0.024(6)	0.409(409)
THR	-0.0290612016389989	36.856	0.028(7)	0.372(372)
THR	0.0109686383908011	33.799	0.04(10)	0.341(341)
THR	0.0509984784206011	30.342	0.048(12)	0.306(306)
THR	0.0910283184504011	27.982	0.064(16)	0.282(282)
THR	0.131058158480201	24.533	0.08(20)	0.247(247)
THR	0.171087998510001	22.292	0.116(29)	0.224(224)
THR	0.211117838539801	20.455	0.16(40)	0.205(205)
THR	0.251147678569601	18.404	0.188(47)	0.184(184)
THR	0.291177518599401	15.573	0.228(57)	0.155(155)
THR	0.331207358629201	13.918	0.256(64)	0.138(138)
THR	0.371237198659001	11.966	0.284(71)	0.118(118)
THR	0.411267038688801	10.2	0.3(75)	0.1(100)
THR	0.451296878718601	9.048	0.336(84)	0.088(88)
THR	0.491326718748401	7.825	0.4(100)	0.075(75)
THR	0.531356558778201	6.847	0.412(103)	0.065(65)
THR	0.571386398808001	5.711	0.464(116)	0.053(53)
THR	0.611416238837801	4.864	0.508(127)	0.044(44)
THR	0.651446078867601	4.013	0.548(137)	0.035(35)
THR	0.691475918897401	3.336	0.564(141)	0.028(28)
THR	0.731505758927201	2.56	0.58(145)	0.02(20)
THR	0.771535598957001	1.998	0.612(153)	0.014(14)
THR	0.811565438986801	1.753	0.664(166)	0.011(11)
THR	0.851595279016601	1.583	0.692(173)	0.009(9)
THR	0.891625119046401	1.397	0.704(176)	0.007(7)
THR	0.931654959076201	1.425	0.732(183)	0.007(7)
THR	0.971684799106001	1.449	0.756(189)	0.007(7)
THR	1.0117146391358	1.374	0.78(195)	0.006(6)
THR	1.0517444791656	1.386	0.792(198)	0.006(6)
THR	1.0917743191954	1.2	0.804(201)	0.004(4)
THR	1.1318041592252	1.212	0.816(204)	0.004(4)
THR	1.171833999255	1.117	0.82(205)	0.003(3)
THR	1.2118638392848	1.125	0.828(207)	0.003(3)
THR	1.2518936793146	1.153	0.856(214)	0.003(3)
THR	1.2919235193444	1.062	0.864(216)	0.002(2)
THR	1.3319533593742	1.082	0.884(221)	0.002(2)
THR	1.371983199404	1.09	0.892(223)	0.002(2)
THR	1.4120130394338	1.094	0.896(224)	0.002(2)
THR	1.4520428794636	0.995	0.896(224)	0.001(1)
THR	1.4920727194934	0.9	0.9(225)	0(0)
THR	1.5321025595232	0.908	0.908(227)	0(0)
THR	1.572132399553	0.932	0.932(233)	0(0)
THR	1.6121622395828	0.936	0.936(234)	0(0)
THR	1.6521920796126	0.936	0.936(234)	0(0)
THR	1.6922219196424	0.944	0.944(236)	0(0)
THR	1.7322517596722	0.952	0.952(238)	0(0)
THR	1.772281599702	0.952	0.952(238)	0(0)
THR	1.8123114397318	0.964	0.964(241)	0(0)
THR	1.8523412797616	0.972	0.972(243)	0(0)
THR	1.8923711197914	0.972	0.972(243)	0(0)
THR	1.9324009598212	0.976	0.976(244)	0(0)
THR	1.972430799851	0.98	0.98(245)	0(0)
THR	2.0124606398808	0.984	0.984(246)	0(0)
THR	2.0524904799106	0.984	0.984(246)	0(0)
THR	2.0925203199404	0.988	0.988(247)	0(0)
THR	2.1325501599702	0.988	0.988(247)	0(0)
THR	2.17258	1	1(250)	0(0)


==============================================
THR: 1.4920727194934
Missed:     225/250=0.9000
FalseAlarm: 0/1000=0.0000
----------------------------------------------
==> CostDetection: 90.0
==============================================
dom dic  8 13:59:06 CET 2019
Num_Gauss: 25
dom dic 8 14:07:09 CET 2019: classerr ---
nerr=229	ntot=782	error_rate=29.28%
dom dic  8 14:07:09 CET 2019
dom dic 8 14:09:12 CET 2019: verif_err ---
Threshold search:
THR	-1.77971401493	99	0(0)	1(1000)
THR	-1.7395646747807	98.901	0(0)	0.999(999)
THR	-1.6994153346314	98.901	0(0)	0.999(999)
THR	-1.6592659944821	98.703	0(0)	0.997(997)
THR	-1.6191166543328	98.703	0(0)	0.997(997)
THR	-1.5789673141835	98.604	0(0)	0.996(996)
THR	-1.5388179740342	98.505	0(0)	0.995(995)
THR	-1.4986686338849	98.406	0(0)	0.994(994)
THR	-1.4585192937356	98.406	0(0)	0.994(994)
THR	-1.4183699535863	98.208	0(0)	0.992(992)
THR	-1.378220613437	98.01	0(0)	0.99(990)
THR	-1.3380712732877	98.01	0(0)	0.99(990)
THR	-1.2979219331384	98.01	0(0)	0.99(990)
THR	-1.2577725929891	97.812	0(0)	0.988(988)
THR	-1.2176232528398	97.713	0(0)	0.987(987)
THR	-1.1774739126905	97.416	0(0)	0.984(984)
THR	-1.1373245725412	97.416	0(0)	0.984(984)
THR	-1.0971752323919	97.317	0(0)	0.983(983)
THR	-1.0570258922426	96.723	0(0)	0.977(977)
THR	-1.0168765520933	96.327	0(0)	0.973(973)
THR	-0.976727211943999	95.733	0(0)	0.967(967)
THR	-0.936577871794699	95.337	0(0)	0.963(963)
THR	-0.896428531645399	94.446	0(0)	0.954(954)
THR	-0.856279191496099	93.654	0(0)	0.946(946)
THR	-0.816129851346799	92.664	0(0)	0.936(936)
THR	-0.775980511197499	91.575	0(0)	0.925(925)
THR	-0.735831171048199	90.189	0(0)	0.911(911)
THR	-0.695681830898899	88.704	0(0)	0.896(896)
THR	-0.655532490749599	86.724	0(0)	0.876(876)
THR	-0.615383150600299	84.942	0(0)	0.858(858)
THR	-0.575233810450999	82.467	0(0)	0.833(833)
THR	-0.535084470301699	79.299	0(0)	0.801(801)
THR	-0.494935130152399	76.032	0(0)	0.768(768)
THR	-0.454785790003099	72.864	0(0)	0.736(736)
THR	-0.414636449853799	69.3	0(0)	0.7(700)
THR	-0.374487109704499	65.546	0.008(2)	0.662(662)
THR	-0.334337769555199	62.774	0.008(2)	0.634(634)
THR	-0.294188429405899	58.418	0.008(2)	0.59(590)
THR	-0.254039089256599	55.844	0.008(2)	0.564(564)
THR	-0.213889749107299	52.775	0.008(2)	0.533(533)
THR	-0.173740408957999	49.013	0.008(2)	0.495(495)
THR	-0.133591068808699	45.35	0.008(2)	0.458(458)
THR	-0.0934417286593986	42.582	0.012(3)	0.43(430)
THR	-0.0532923885100986	39.022	0.016(4)	0.394(394)
THR	-0.0131430483607986	35.375	0.032(8)	0.357(357)
THR	0.0270062917885014	32.71	0.04(10)	0.33(330)
THR	0.0671556319378014	29.653	0.052(13)	0.299(299)
THR	0.107304972087101	26.786	0.056(14)	0.27(270)
THR	0.147454312236401	23.444	0.08(20)	0.236(236)
THR	0.187603652385701	21.686	0.104(26)	0.218(218)
THR	0.227752992535001	19.16	0.152(38)	0.192(192)
THR	0.267902332684301	16.903	0.172(43)	0.169(169)
THR	0.308051672833601	14.777	0.224(56)	0.147(147)
THR	0.348201012982901	12.924	0.252(63)	0.128(128)
THR	0.388350353132201	11.364	0.276(69)	0.112(112)
THR	0.428499693281501	9.82	0.316(79)	0.096(96)
THR	0.468649033430801	8.66	0.344(86)	0.084(84)
THR	0.508798373580101	7.71	0.384(96)	0.074(74)
THR	0.548947713729401	6.158	0.416(104)	0.058(58)
THR	0.589097053878701	4.915	0.46(115)	0.045(45)
THR	0.629246394028002	4.646	0.488(122)	0.042(42)
THR	0.669395734177302	3.894	0.528(132)	0.034(34)
THR	0.709545074326602	3.332	0.56(140)	0.028(28)
THR	0.749694414475902	2.766	0.588(147)	0.022(22)
THR	0.789843754625202	2.002	0.616(154)	0.014(14)
THR	0.829993094774502	1.543	0.652(163)	0.009(9)
THR	0.870142434923802	1.559	0.668(167)	0.009(9)
THR	0.910291775073102	1.492	0.7(175)	0.008(8)
THR	0.950441115222402	1.409	0.716(179)	0.007(7)
THR	0.990590455371702	1.346	0.752(188)	0.006(6)
THR	1.030739795521	1.366	0.772(193)	0.006(6)
THR	1.0708891356703	1.382	0.788(197)	0.006(6)
THR	1.1110384758196	1.192	0.796(199)	0.004(4)
THR	1.1511878159689	1.208	0.812(203)	0.004(4)
THR	1.1913371561182	1.212	0.816(204)	0.004(4)
THR	1.2314864962675	1.24	0.844(211)	0.004(4)
THR	1.2716358364168	1.05	0.852(213)	0.002(2)
THR	1.3117851765661	1.066	0.868(217)	0.002(2)
THR	1.3519345167154	1.082	0.884(221)	0.002(2)
THR	1.3920838568647	0.983	0.884(221)	0.001(1)
THR	1.432233197014	0.987	0.888(222)	0.001(1)
THR	1.4723825371633	0.995	0.896(224)	0.001(1)
THR	1.5125318773126	0.896	0.896(224)	0(0)
THR	1.5526812174619	0.912	0.912(228)	0(0)
THR	1.5928305576112	0.92	0.92(230)	0(0)
THR	1.6329798977605	0.928	0.928(232)	0(0)
THR	1.6731292379098	0.94	0.94(235)	0(0)
THR	1.7132785780591	0.944	0.944(236)	0(0)
THR	1.7534279182084	0.948	0.948(237)	0(0)
THR	1.7935772583577	0.952	0.952(238)	0(0)
THR	1.833726598507	0.96	0.96(240)	0(0)
THR	1.8738759386563	0.972	0.972(243)	0(0)
THR	1.9140252788056	0.972	0.972(243)	0(0)
THR	1.9541746189549	0.972	0.972(243)	0(0)
THR	1.9943239591042	0.976	0.976(244)	0(0)
THR	2.0344732992535	0.98	0.98(245)	0(0)
THR	2.0746226394028	0.98	0.98(245)	0(0)
THR	2.1147719795521	0.988	0.988(247)	0(0)
THR	2.1549213197014	0.988	0.988(247)	0(0)
THR	2.1950706598507	0.992	0.992(248)	0(0)
THR	2.23522	1	1(250)	0(0)


==============================================
THR: 1.5125318773126
Missed:     224/250=0.8960
FalseAlarm: 0/1000=0.0000
----------------------------------------------
==> CostDetection: 89.6
==============================================
dom dic  8 14:09:12 CET 2019
Num_Gauss: 36
dom dic 8 14:20:45 CET 2019: classerr ---
nerr=437	ntot=785	error_rate=55.67%
dom dic  8 14:20:45 CET 2019
dom dic 8 14:23:58 CET 2019: verif_err ---
Threshold search:
THR	-1.80327973814	99	0(0)	1(1000)
THR	-1.7058982407586	98.604	0(0)	0.996(996)
THR	-1.6085167433772	98.604	0(0)	0.996(996)
THR	-1.5111352459958	98.307	0(0)	0.993(993)
THR	-1.4137537486144	97.812	0(0)	0.988(988)
THR	-1.316372251233	97.515	0(0)	0.985(985)
THR	-1.2189907538516	97.02	0(0)	0.98(980)
THR	-1.1216092564702	95.634	0(0)	0.966(966)
THR	-1.0242277590888	94.05	0(0)	0.95(950)
THR	-0.9268462617074	92.169	0(0)	0.931(931)
THR	-0.829464764326	89.694	0(0)	0.906(906)
THR	-0.7320832669446	86.328	0(0)	0.872(872)
THR	-0.6347017695632	81.378	0(0)	0.822(822)
THR	-0.5373202721818	76.131	0(0)	0.769(769)
THR	-0.4399387748004	68.706	0(0)	0.694(694)
THR	-0.342557277419	61.776	0(0)	0.624(624)
THR	-0.2451757800376	53.361	0(0)	0.539(539)
THR	-0.1477942826562	45.647	0.008(2)	0.461(461)
THR	-0.0504127852747998	38.226	0.012(3)	0.386(386)
THR	0.0469687121066003	32.694	0.024(6)	0.33(330)
THR	0.144350209488	27.958	0.04(10)	0.282(282)
THR	0.2417317068694	23.436	0.072(18)	0.236(236)
THR	0.3391132042508	19.742	0.14(35)	0.198(198)
THR	0.4364947016322	16.135	0.196(49)	0.161(161)
THR	0.5338761990136	13.617	0.252(63)	0.135(135)
THR	0.631257696395	11.424	0.336(84)	0.112(112)
THR	0.7286391937764	9.912	0.408(102)	0.096(96)
THR	0.8260206911578	9.37	0.46(115)	0.09(90)
THR	0.9234021885392	8.963	0.548(137)	0.085(85)
THR	1.0207836859206	8.532	0.612(153)	0.08(80)
THR	1.118165183302	8.378	0.656(164)	0.078(78)
THR	1.2155466806834	7.951	0.724(181)	0.073(73)
THR	1.3129281780648	7.888	0.76(190)	0.072(72)
THR	1.4103096754462	7.714	0.784(196)	0.07(70)
THR	1.5076911728276	7.639	0.808(202)	0.069(69)
THR	1.605072670209	7.556	0.824(206)	0.068(68)
THR	1.7024541675904	7.481	0.848(212)	0.067(67)
THR	1.7998356649718	7.394	0.86(215)	0.066(66)
THR	1.8972171623532	7.402	0.868(217)	0.066(66)
THR	1.9945986597346	7.03	0.892(223)	0.062(62)
THR	2.091980157116	7.038	0.9(225)	0.062(62)
THR	2.1893616544974	6.848	0.908(227)	0.06(60)
THR	2.2867431518788	6.753	0.912(228)	0.059(59)
THR	2.3841246492602	6.559	0.916(229)	0.057(57)
THR	2.4815061466416	6.27	0.924(231)	0.054(54)
THR	2.578887644023	6.072	0.924(231)	0.052(52)
THR	2.6762691414044	5.874	0.924(231)	0.05(50)
THR	2.7736506387858	5.676	0.924(231)	0.048(48)
THR	2.8710321361672	5.577	0.924(231)	0.047(47)
THR	2.9684136335486	5.082	0.924(231)	0.042(42)
THR	3.06579513093	4.884	0.924(231)	0.04(40)
THR	3.1631766283114	4.892	0.932(233)	0.04(40)
THR	3.2605581256928	4.599	0.936(234)	0.037(37)
THR	3.3579396230742	4.203	0.936(234)	0.033(33)
THR	3.4553211204556	3.91	0.94(235)	0.03(30)
THR	3.552702617837	3.712	0.94(235)	0.028(28)
THR	3.6500841152184	3.514	0.94(235)	0.026(26)
THR	3.7474656125998	3.217	0.94(235)	0.023(23)
THR	3.8448471099812	3.019	0.94(235)	0.021(21)
THR	3.9422286073626	2.73	0.948(237)	0.018(18)
THR	4.039610104744	2.536	0.952(238)	0.016(16)
THR	4.1369916021254	2.338	0.952(238)	0.014(14)
THR	4.2343730995068	2.057	0.968(242)	0.011(11)
THR	4.3317545968882	2.057	0.968(242)	0.011(11)
THR	4.4291360942696	1.669	0.976(244)	0.007(7)
THR	4.526517591651	1.669	0.976(244)	0.007(7)
THR	4.6238990890324	1.57	0.976(244)	0.006(6)
THR	4.7212805864138	1.471	0.976(244)	0.005(5)
THR	4.8186620837952	1.471	0.976(244)	0.005(5)
THR	4.9160435811766	1.376	0.98(245)	0.004(4)
THR	5.013425078558	1.376	0.98(245)	0.004(4)
THR	5.1108065759394	1.38	0.984(246)	0.004(4)
THR	5.20818807332081	1.083	0.984(246)	0.001(1)
THR	5.30556957070221	1.083	0.984(246)	0.001(1)
THR	5.40295106808361	1.083	0.984(246)	0.001(1)
THR	5.50033256546501	1.083	0.984(246)	0.001(1)
THR	5.59771406284641	1.087	0.988(247)	0.001(1)
THR	5.69509556022781	1.087	0.988(247)	0.001(1)
THR	5.79247705760921	0.988	0.988(247)	0(0)
THR	5.88985855499061	0.988	0.988(247)	0(0)
THR	5.98724005237201	0.988	0.988(247)	0(0)
THR	6.08462154975341	0.988	0.988(247)	0(0)
THR	6.18200304713481	0.988	0.988(247)	0(0)
THR	6.27938454451621	0.988	0.988(247)	0(0)
THR	6.37676604189761	0.988	0.988(247)	0(0)
THR	6.47414753927901	0.988	0.988(247)	0(0)
THR	6.57152903666041	0.992	0.992(248)	0(0)
THR	6.66891053404181	0.992	0.992(248)	0(0)
THR	6.76629203142321	0.992	0.992(248)	0(0)
THR	6.86367352880461	0.992	0.992(248)	0(0)
THR	6.96105502618601	0.992	0.992(248)	0(0)
THR	7.05843652356741	0.992	0.992(248)	0(0)
THR	7.15581802094881	0.992	0.992(248)	0(0)
THR	7.25319951833021	0.992	0.992(248)	0(0)
THR	7.35058101571162	0.992	0.992(248)	0(0)
THR	7.44796251309302	0.992	0.992(248)	0(0)
THR	7.54534401047442	0.992	0.992(248)	0(0)
THR	7.64272550785582	0.996	0.996(249)	0(0)
THR	7.74010700523722	0.996	0.996(249)	0(0)
THR	7.83748850261862	0.996	0.996(249)	0(0)
THR	7.93487000000002	1	1(250)	0(0)


==============================================
THR: 5.79247705760921
Missed:     247/250=0.9880
FalseAlarm: 0/1000=0.0000
----------------------------------------------
==> CostDetection: 98.8
==============================================
dom dic  8 14:23:58 CET 2019
